# NACA 4-digit  m=0.051736 p=0.400 t/c=0.112189  unit chord, x y
1.000509832149564460e+00 2.956361138168071400e-03
1.000342221166197643e+00 3.008364161719396905e-03
9.998394849214056190e-01 3.164258542317810972e-03
9.990019135729314437e-01 3.423700600007966496e-03
9.978299908552847874e-01 3.786118832854630956e-03
9.963243942832539224e-01 4.250715854450618295e-03
9.944859954290856674e-01 4.816471087573106005e-03
9.923158602657510263e-01 5.482144195356862190e-03
9.898152495667391637e-01 6.246279226350405847e-03
9.869856193510144760e-01 7.107209445054099226e-03
9.838286213601288299e-01 8.063062815051204660e-03
9.803461035530398604e-01 9.111768097688838913e-03
9.765401106029755196e-01 1.025106152547300420e-02
9.724128843797019695e-01 1.147849400596425568e-02
9.679668643998348143e-01 1.279143880901506200e-02
9.632046882273661570e-01 1.418709968772140055e-02
9.581291918063939983e-01 1.566251938148111381e-02
9.527434097081124431e-01 1.721458844808913119e-02
9.470505752744547978e-01 1.884005437086024026e-02
9.410541206413808313e-01 2.053553088637076821e-02
9.347576766256299186e-01 2.229750747854488194e-02
9.281650724598143887e-01 2.412235898548483609e-02
9.212803353619927194e-01 2.600635526664094380e-02
9.141076899272942979e-01 2.794567087962546853e-02
9.066515573307528664e-01 2.993639471817525002e-02
8.989165543322095164e-01 3.197453956542933851e-02
8.909074920759402216e-01 3.405605151978464973e-02
8.826293746794955375e-01 3.617681925408377380e-02
8.740873976081096064e-01 3.833268307273281217e-02
8.652869458328691366e-01 4.051944373550049605e-02
8.562335917726217049e-01 4.273287102115881642e-02
8.469330930213055941e-01 4.496871200873774066e-02
8.373913898639655518e-01 4.722269905892691189e-02
8.276146025861500499e-01 4.949055748300364155e-02
8.176090285826466131e-01 5.176801289154196045e-02
8.073811392725759317e-01 5.405079821999490830e-02
7.969375768287030315e-01 5.633466043298625270e-02
7.862851507294398301e-01 5.861536691373250840e-02
7.754308341423817863e-01 6.088871154938001184e-02
7.643817601483423596e-01 6.315052052713245045e-02
7.531452178147227672e-01 6.539665785980096346e-02
7.417286481266907039e-01 6.762303066278038677e-02
7.301396397840335117e-01 6.982559420739842260e-02
7.183859248707437084e-01 7.200035677804866863e-02
7.064753744033795968e-01 7.414338436247626396e-02
6.944159937630539625e-01 7.625080520599668288e-02
6.822159180145896951e-01 7.831881426127476620e-02
6.698834071149331049e-01 8.034367756555649276e-02
6.574268410114129102e-01 8.232173657691449487e-02
6.448547146288836629e-01 8.424941250014728045e-02
6.321756327432476175e-01 8.612321063145904343e-02
6.193983047373454731e-01 8.793972474896294411e-02
6.065315392337948808e-01 8.969564157341418376e-02
5.935842385980518721e-01 9.138774532042082122e-02
5.805653933038421588e-01 9.301292236173977490e-02
5.674840761521674493e-01 9.456816600918352411e-02
5.543494363343851594e-01 9.605058143019523653e-02
5.411706933294049282e-01 9.745739069935047127e-02
5.279571306248769247e-01 9.878593798497670164e-02
5.147180892523782747e-01 1.000336948648130053e-01
5.014629611270442489e-01 1.011982657592351842e-01
4.882011821828626807e-01 1.022773934651163563e-01
4.749422252959338286e-01 1.032689647679581602e-01
4.616955929894100419e-01 1.041710161045869415e-01
4.484708099155410577e-01 1.049817392435406782e-01
4.352774151122563717e-01 1.056994869453499464e-01
4.221249540339833128e-01 1.063227785603108738e-01
4.090229703589070009e-01 1.068503055171336619e-01
3.959020516838105408e-01 1.072779796852887657e-01
3.826726191186776149e-01 1.075608641068243609e-01
3.695210688967688339e-01 1.076843720686418149e-01
3.564578692040181185e-01 1.076491919263806440e-01
3.434934578348106671e-01 1.074563851190583064e-01
3.306382273124212623e-01 1.071073852054283404e-01
3.179025097324243432e-01 1.066039957027545837e-01
3.052965614035924591e-01 1.059483866843526079e-01
2.928305473654762570e-01 1.051430900988039319e-01
2.805145258655930562e-01 1.041909937809477604e-01
2.683584328818836573e-01 1.030953341325062111e-01
2.563720667777726336e-01 1.018596874584074274e-01
2.445650731777540277e-01 1.004879599534369977e-01
2.329469301509032031e-01 9.898437634266833707e-02
2.215269337881054235e-01 9.735346718809831379e-02
2.103141842560944663e-01 9.560005488294325005e-02
1.993175724076671207e-01 9.372923836403639075e-02
1.885457670227309035e-01 9.174637658162057563e-02
1.780072027492181075e-01 8.965707077446459505e-02
1.677100688064478151e-01 8.746714560656436432e-02
1.576622985063292626e-01 8.518262922965889883e-02
1.478715596399753363e-01 8.280973234332165978e-02
1.383452457689431647e-01 8.035482633143563314e-02
1.290904684515561118e-01 7.782442056036974198e-02
1.201140504257006136e-01 7.522513893011188724e-02
1.114225197602546485e-01 7.256369577494549417e-02
1.030221049780073173e-01 6.984687121495899986e-02
9.491873114369128728e-02 6.708148606373404155e-02
8.711801690167858547e-02 6.427437640095660931e-02
7.962527243910245967e-02 6.143236792143159930e-02
7.244549834176090830e-02 5.856225017405453093e-02
6.558338530222687646e-02 5.567075080570818568e-02
5.904331463223154441e-02 5.276450992581640381e-02
5.282935952467232577e-02 4.985005470741155076e-02
4.694528700460515180e-02 4.693377434007336979e-02
4.139456050336955129e-02 4.402189544898880980e-02
3.618034298561724482e-02 4.112045809268660007e-02
3.130550055551665350e-02 3.823529244973514207e-02
2.677260646581423875e-02 3.537199630188134214e-02
2.258394545177310961e-02 3.253591341777230250e-02
1.874151831129300394e-02 2.973211293756732390e-02
1.524704665274032034e-02 2.696536985443642731e-02
1.210197773317979106e-02 2.424014668418234333e-02
9.307489311774450394e-03 2.156057640903578931e-02
6.864494446088227619e-03 1.893044677609139609e-02
4.773646162842033573e-03 1.635318602489547329e-02
3.035341939294634687e-03 1.383185011239347444e-02
1.649727936795737909e-03 1.136911149682783700e-02
6.167029341187118575e-04 8.967249535262447266e-03
-6.407808513420715744e-05 6.628142542238211858e-03
-3.932007295339636378e-04 4.353261549651807338e-03
-3.714884120196494145e-04 2.143665800332812503e-03
0.000000000000000000e+00 0.000000000000000000e+00
7.141634364623895316e-04 -2.055041989399358088e-03
1.763665974960130405e-03 -3.999054770722905786e-03
3.146744352006243528e-03 -5.832258210784813969e-03
4.861401697607998715e-03 -7.555031283645138006e-03
6.905410689393879503e-03 -9.167910720608990482e-03
9.276317465567594095e-03 -1.067158979527065531e-02
1.197144627320334900e-02 -1.206691723475361404e-02
1.498790482010608355e-02 -1.335489624495145820e-02
1.832259029054899430e-02 -1.453668363435010880e-02
2.197219597775189673e-02 -1.561358901792566853e-02
2.593321847906662758e-02 -1.658707407968425945e-02
3.020196539355346488e-02 -1.745875186965181389e-02
3.477456345604845733e-02 -1.823038610855409400e-02
3.964696703698401825e-02 -1.890389047106241782e-02
4.481496693319660801e-02 -1.948132781633726829e-02
5.027419937178188858e-02 -1.996490933269610274e-02
5.602015514676982055e-02 -2.035699356157793724e-02
6.204818880702694939e-02 -2.066008526459445563e-02
6.835352781336229144e-02 -2.087683409635994469e-02
7.493128158332974798e-02 -2.101003304499671903e-02
8.177645034368083432e-02 -2.106261660173653141e-02
8.888393371281504141e-02 -2.103765862089574182e-02
9.624853893888184186e-02 -2.093836983170961272e-02
1.038649887233739633e-01 -2.076809496408387953e-02
1.117279285650734366e-01 -2.053030945127331044e-02
1.198319335650217810e-01 -2.022861567384112019e-02
1.281715146397144067e-01 -1.986673871100170033e-02
1.367411240969050312e-01 -1.944852156761079850e-02
1.455351605361561440e-01 -1.897791984765187859e-02
1.545479730445092625e-01 -1.845899584807773885e-02
1.637738646662706410e-01 -1.789591205030524601e-02
1.732070951348124999e-01 -1.729292399052641260e-02
1.828418828633685267e-01 -1.665437249428365629e-02
1.926724062009443905e-01 -1.598467526544901374e-02
2.026928039685484406e-01 -1.528831782483109497e-02
2.128971752998597422e-01 -1.456984379908364546e-02
2.232795788190725939e-01 -1.383384456637683224e-02
2.338340311968673813e-01 -1.308494827138158983e-02
2.445545051331478870e-01 -1.232780822845966351e-02
2.554349268222458336e-01 -1.156709073850126224e-02
2.664691729626187944e-01 -1.080746235154234763e-02
2.776510673785695937e-01 -1.005357661406526548e-02
2.889743773261116977e-01 -9.310060346659473907e-03
3.004328095587233682e-01 -8.581499504416660595e-03
3.120200062313177036e-01 -7.872424678973144463e-03
3.237295407222752774e-01 -7.187296307397644801e-03
3.355549134538076683e-01 -6.530489659066822383e-03
3.474895477902418817e-01 -5.906279677178272181e-03
3.595267860920591252e-01 -5.318825756526084081e-03
3.716598860007102045e-01 -4.772156543522025618e-03
3.838820170254168551e-01 -4.270154848090970678e-03
3.961862574984300611e-01 -3.816542759931325357e-03
4.087415041489452783e-01 -3.401424444023429250e-03
4.214405809257857349e-01 -2.987599742687085946e-03
4.341963926676919439e-01 -2.574747296185654621e-03
4.470007268168053050e-01 -2.165129581396342540e-03
4.598453112827449174e-01 -1.760918675087208563e-03
4.727218184611222118e-01 -1.364187817424589166e-03
4.856218695092640036e-01 -9.769035909699061437e-04
4.985370388729555846e-01 -6.009187686007930185e-04
5.114588590554948189e-01 -2.379658775711682162e-04
5.243788256180665908e-01 1.103484796951131885e-04
5.372884023984398905e-01 4.425485144319077357e-04
5.501790269332681449e-01 7.572933235297577004e-04
5.630421160678839021e-01 1.053380125622623009e-03
5.758690717363885714e-01 1.329746649628919808e-03
5.886512868940954046e-01 1.585472671572780989e-03
6.013801515839642953e-01 1.819780702889281510e-03
6.140470591185598348e-01 2.032035840645728120e-03
6.266434123592731220e-01 2.221744797104893698e-03
6.391606300750387604e-01 2.388554132747029712e-03
6.515901533635345411e-01 2.532247723188010835e-03
6.639234521188377425e-01 2.652743496316452287e-03
6.761520315307103512e-01 2.750089481368560296e-03
6.882674386020356527e-01 2.824459216516667093e-03
7.002612686724205560e-01 2.876146565822274015e-03
7.121251719375510936e-01 2.905560000062076820e-03
7.238508599555132372e-01 2.913216398953304143e-03
7.354301121329174240e-01 2.899734434657998128e-03
7.468547821852770108e-01 2.865827598129547238e-03
7.581168045676064393e-01 2.812296930875281958e-03
7.692082008726449649e-01 2.740023525049758296e-03
7.801210861953927767e-01 2.649960854482918265e-03
7.908476754637698836e-01 2.543126998301857566e-03
8.013802897361445021e-01 2.420596817255506877e-03
8.117113624671906669e-01 2.283494140732270083e-03
8.218334457440333862e-01 2.132984019810251625e-03
8.317392164948922417e-01 1.970265098547193533e-03
8.414214826724483176e-01 1.796562152146411601e-03
8.508731894139257568e-01 1.613118836690814045e-03
8.600874251794183856e-01 1.421190690861957179e-03
8.690574278692844157e-01 1.222038425528964439e-03
8.777765909205355044e-01 1.016921532353283475e-03
8.862384693810304581e-01 8.070922376770157947e-04
8.944367859590254266e-01 5.937898230042558401e-04
9.023654370441945849e-01 3.782353284094187862e-04
9.100184986947211785e-01 1.616266502705802216e-04
9.173902325834313309e-01 -5.486596010908367793e-05
9.244750918942777895e-01 -2.701039951108607368e-04
9.312677271588084560e-01 -4.829843892381439907e-04
9.377629920205844405e-01 -6.924428241991582855e-04
9.439559489139129900e-01 -8.974566513811690904e-04
9.498418746417478520e-01 -1.097047446048717359e-03
9.554162658362067573e-01 -1.290283210819018200e-03
9.606748442839205815e-01 -1.476280248785035928e-03
9.656135620973668177e-01 -1.654204729052448884e-03
9.702286067124763491e-01 -1.823273969410766325e-03
9.745164056921781226e-01 -1.982757462356144612e-03
9.784736313151531917e-01 -2.131977671724273604e-03
9.820972049289393713e-01 -2.270310627765063233e-03
9.853843010466620811e-01 -2.397186348609407769e-03
9.883323511670665251e-01 -2.512089115746423199e-03
9.909390472982034792e-01 -2.614557630366037139e-03
9.932023451660521030e-01 -2.704185076240235922e-03
9.951204670905565708e-01 -2.780619113249501156e-03
9.966919045129885024e-01 -2.843561823729536062e-03
9.979154201601966312e-01 -2.892769631556101149e-03
9.987900498331681032e-01 -2.928053211333859172e-03
9.993151038093596172e-01 -2.949277402253712259e-03
9.994901678504355402e-01 -2.956361138168071400e-03
