# NACA 4-digit  m=0.054682 p=0.400 t/c=0.145365  unit chord, x y
1.000537959061194027e+00 2.951372570259327456e-03
1.000371788324801559e+00 3.011795830116468457e-03
9.998733651359527075e-01 3.192934266638508718e-03
9.990429566415176543e-01 3.494394307688955103e-03
9.978810083710366596e-01 3.915521519725041581e-03
9.963881446585159951e-01 4.455402876112901644e-03
9.945651692223487217e-01 5.112869909471401755e-03
9.924130658929648519e-01 5.886502725029209467e-03
9.899329994751169259e-01 6.774634845808274845e-03
9.871263167292132490e-01 7.775358854572970990e-03
9.839945474538541736e-01 8.886532791962461694e-03
9.805394056497410693e-01 1.010578726512323389e-02
9.767627907434383028e-01 1.143053321651484391e-02
9.726667888481130841e-01 1.285797029844182662e-02
9.682536740373512973e-01 1.438509579529077126e-02
9.635259096074890728e-01 1.600871403247990793e-02
9.584861493035932156e-01 1.772544620877455554e-02
9.531372384842871082e-01 1.953174058692180859e-02
9.474822152010289322e-01 2.142388297651912771e-02
9.415243111682118915e-01 2.339800744267585275e-02
9.352669526015443546e-01 2.545010717434601638e-02
9.287137609035517327e-01 2.757604544721202131e-02
9.218685531767054631e-01 2.977156661766191051e-02
9.147353425465946097e-01 3.203230708671316734e-02
9.073183382796512486e-01 3.435380617566890366e-02
8.996219456822137639e-01 3.673151685880787776e-02
8.916507657700998291e-01 3.916081630247529588e-02
8.834095947003071103e-01 4.163701616450432574e-02
8.749034229589475187e-01 4.415537261290586324e-02
8.661374343019757616e-01 4.671109602816053002e-02
8.571170044476460470e-01 4.929936035916340775e-02
8.478476995219160761e-01 5.191531210884104547e-02
8.383352742601081209e-01 5.455407893161061395e-02
8.285856699700528960e-01 5.721077783110314202e-02
8.186050122636062687e-01 5.988052295285256621e-02
8.083996085648357255e-01 6.255843297287369542e-02
7.979759454042739675e-01 6.523963808914240436e-02
7.873406855094313705e-01 6.791928662886614898e-02
7.765006647022246744e-01 7.059255129001230922e-02
7.654628886141014998e-01 7.325463504077622812e-02
7.542345292294351244e-01 7.590077670544334576e-02
7.428229212672279314e-01 7.852625626936299286e-02
7.312355584103056305e-01 8.112639993944681382e-02
7.194800893900451522e-01 8.369658499967155829e-02
7.075643139332680187e-01 8.623224450346117509e-02
6.954961785762833193e-01 8.872887184650210535e-02
6.832837723492425352e-01 9.118202526447855005e-02
6.709353223319775017e-01 9.358733230038174256e-02
6.584591890804173397e-01 9.594049428542972269e-02
6.458638619205576692e-01 9.823729087623980782e-02
6.331579541048305559e-01 1.004735846887230000e-01
6.203501978236692915e-01 1.026453260662444633e-01
6.074494390631277607e-01 1.047485580159443624e-01
5.944646322976385733e-01 1.067794213427754879e-01
5.814048350054602521e-01 1.087341600058434610e-01
5.682792019930867911e-01 1.106091267160868863e-01
5.550969795139439888e-01 1.124007887882771950e-01
5.418674991660965556e-01 1.141057342538293606e-01
5.286001715534864864e-01 1.157206782340754192e-01
5.153044796954262541e-01 1.172424695665509331e-01
5.019899721697120842e-01 1.186680976695797252e-01
4.886662559758101487e-01 1.199946996231026353e-01
4.753429891060889090e-01 1.212195674363909237e-01
4.620298728150441514e-01 1.223401554661069646e-01
4.487366435788469610e-01 1.233540879412300256e-01
4.354730647403277644e-01 1.242591665447492916e-01
4.222489178376566121e-01 1.250533779958341585e-01
4.090739936184502601e-01 1.257349015705196971e-01
3.958504935049560469e-01 1.262989351846932617e-01
3.824530695640028233e-01 1.266967326025151552e-01
3.691325516885468061e-01 1.269122011321181520e-01
3.559000794714962113e-01 1.269457021565799926e-01
3.427667732859112637e-01 1.267980225717918186e-01
3.297437158087802023e-01 1.264703753756590832e-01
3.168419331613812062e-01 1.259643988067051246e-01
3.040723757716952136e-01 1.252821539712226095e-01
2.914458990703687746e-01 1.244261209071670926e-01
2.789732441363800275e-01 1.233991930428361972e-01
2.666650184117579370e-01 1.222046700188923890e-01
2.545316766063825953e-01 1.208462488533242618e-01
2.425835019140311632e-01 1.193280134403585102e-01
2.308305876594142214e-01 1.176544223859897348e-01
2.192828194930203645e-01 1.158302951945459347e-01
2.079498582461710432e-01 1.138607968324253095e-01
1.968411235528788050e-01 1.117514207066883369e-01
1.859657783379831120e-01 1.095079701074641587e-01
1.753327142627168211e-01 1.071365381740140288e-01
1.649505382094637318e-01 1.046434864546980925e-01
1.548275598771391981e-01 1.020354221409330020e-01
1.449717805475121690e-01 9.931917406442976326e-02
1.353908830710372491e-01 9.650176755551564955e-02
1.260922231085485623e-01 9.359039826811169083e-02
1.170828216526362681e-01 9.059240508393361091e-02
1.083693588398483010e-01 8.751524221467564535e-02
9.995816905219020998e-02 8.436645062631177583e-02
9.185523729389236114e-02 8.115362891419700131e-02
8.406619681721862192e-02 7.788440376137335808e-02
7.659632795935285288e-02 7.456640011538782919e-02
6.945055814124460880e-02 7.120721122102142975e-02
6.263346296884518549e-02 6.781436864762928340e-02
5.614926836753664219e-02 6.439531245031714091e-02
5.000185367184015878e-02 6.095736160395608116e-02
4.419475558478161425e-02 5.750768484808566061e-02
3.873117291465973805e-02 5.405327207910561732e-02
3.361397199147010684e-02 5.060090642383301140e-02
2.884569266093649220e-02 4.715713712553520898e-02
2.442855475102144458e-02 4.372825336996692680e-02
2.036446490395520462e-02 4.032025917477180532e-02
1.665502366624598343e-02 3.693884946088421550e-02
1.330153272980880153e-02 3.358938741931381117e-02
1.030500221926245949e-02 3.027688328094546230e-02
7.666157923561076407e-03 2.700597459076357204e-02
5.385448374414547254e-03 2.378090808124897967e-02
3.463051679354111137e-03 2.060552323262153721e-02
1.898882023754124709e-03 1.748323760013981154e-02
6.925957635611390724e-04 1.441703398085845966e-02
-1.564029611834504702e-04 1.140944948409806405e-02
-6.489571527926972505e-04 8.462566561446014171e-03
-7.861524732650278929e-04 5.578006043395216176e-03
-5.693133929440482872e-04 2.756922220778676349e-03
0.000000000000000000e+00 0.000000000000000000e+00
9.119884173867884043e-04 -2.663251065150019654e-03
2.156617718691194660e-03 -5.203626314467881681e-03
3.731623419664733404e-03 -7.621354653621839267e-03
5.634507592910160609e-03 -9.916801918668919844e-03
7.862542862628479207e-03 -1.209046938938612356e-02
1.041277738110810494e-02 -1.414299266061045356e-02
1.328204075669127231e-02 -1.607514085932113326e-02
1.646695089177976218e-02 -1.788781619074108001e-02
1.996392167876236828e-02 -1.958205379242863170e-02
2.376917149166922830e-02 -2.115902187119115749e-02
2.787873240199814640e-02 -2.262002209370174433e-02
3.228846003860048886e-02 -2.396649019794689500e-02
3.699404400386636926e-02 -2.519999678910261540e-02
4.199101875177681242e-02 -2.632224828013715601e-02
4.727477482777676931e-02 -2.733508793439407003e-02
5.284057036592902656e-02 -2.824049696463383843e-02
5.868354273547963379e-02 -2.904059564052382386e-02
6.479872022685048694e-02 -2.973764435438491782e-02
7.118103366619446537e-02 -3.033404459314677226e-02
7.782532784802465020e-02 -3.083233976295108800e-02
8.472637267706252528e-02 -3.123521581169643249e-02
9.187887391333134091e-02 -3.154550159405669629e-02
9.927748341863144865e-02 -3.176616892315192731e-02
1.069168088078339268e-01 -3.190033225312535747e-02
1.147914224148723628e-01 -3.195124793740659885e-02
1.228958694908388882e-01 -3.192231300843832720e-02
1.312246755601207682e-01 -3.181706342613588312e-02
1.397723528699693907e-01 -3.163917174435265656e-02
1.485334058791636935e-01 -3.139244414716085146e-02
1.575023357424151782e-01 -3.108081680984062928e-02
1.666736437587338082e-01 -3.070835154311542248e-02
1.760418337640025643e-01 -3.027923068338636559e-02
1.856014134603526100e-01 -2.979775119650867471e-02
1.953468946874456769e-01 -2.926831796801666191e-02
2.052727926532962321e-01 -2.869543625863339026e-02
2.153736241546480579e-01 -2.808370331038270717e-02
2.256439048289960170e-01 -2.743779909562530511e-02
2.360781454919524402e-01 -2.676247620884247141e-02
2.466708476246368686e-01 -2.606254890893607012e-02
2.574164980859687257e-01 -2.534288132815540329e-02
2.683095631340088327e-01 -2.460837487242768101e-02
2.793444818486953141e-01 -2.386395484678464907e-02
2.905156590553247264e-01 -2.311455634865384329e-02
3.018174578538308506e-01 -2.236510948091350454e-02
3.132441918632149491e-01 -2.162052394569494163e-02
3.247901172933184144e-01 -2.088567308882408047e-02
3.364494249574487283e-01 -2.016537747340853975e-02
3.482162323391412850e-01 -1.946438806926106824e-02
3.600845758245810324e-01 -1.878736915247034706e-02
3.720484032089322324e-01 -1.813888101635737632e-02
3.841015665800916468e-01 -1.752336260114956135e-02
3.962378156772845550e-01 -1.694511415485104588e-02
4.086904808894020191e-01 -1.639435147968937301e-02
4.213166171221124356e-01 -1.583300578447910389e-02
4.340007430396205512e-01 -1.526121853171645559e-02
4.467348931534994017e-01 -1.468181867823058206e-02
4.595110314571108079e-01 -1.409755031039350986e-02
4.723210546509671315e-01 -1.351106200770376548e-02
4.851567957163165357e-01 -1.292489691076723762e-02
4.980100278302878047e-01 -1.234148356284487519e-02
5.108724686124468395e-01 -1.176312758634309730e-02
5.237357846894570290e-01 -1.119200424730278781e-02
5.365915965617482630e-01 -1.063015195218328796e-02
5.494314837537093155e-01 -1.007946671215188827e-02
5.622469902269645603e-01 -9.541697600770004950e-03
5.750296300347704781e-01 -9.018443221531925735e-03
5.877708931945087034e-01 -8.511149192254603701e-03
6.004622517546314153e-01 -8.021106643958220150e-03
6.130951660322360164e-01 -7.549451722704471346e-03
6.256610909976901835e-01 -7.097166073984216561e-03
6.381514827833647541e-01 -6.665078280757026630e-03
6.505578052945301115e-01 -6.253866218231214635e-03
6.628715369017933456e-01 -5.864060281016984788e-03
6.750841771960575111e-01 -5.496047431459046007e-03
6.871872537888062960e-01 -5.150076011823052913e-03
6.991723291425321340e-01 -4.826261257627216528e-03
7.110310074182496498e-01 -4.524591444822943787e-03
7.227549413292411185e-01 -4.244934599764701999e-03
7.343358389923801965e-01 -3.987045698001227823e-03
7.457654707705646535e-01 -3.750574275873240493e-03
7.570356761018472991e-01 -3.535072377721631964e-03
7.681383703128020768e-01 -3.340002761188579083e-03
7.790655514154012362e-01 -3.164747283607521888e-03
7.898093068881989476e-01 -3.008615393804661697e-03
8.003618204438847084e-01 -2.870852655733554387e-03
8.107153787862310113e-01 -2.750649233189326331e-03
8.208623783601305401e-01 -2.647148268350101030e-03
8.307953320987496726e-01 -2.559454091005729931e-03
8.405068761718378356e-01 -2.486640199999182177e-03
8.499897767389014147e-01 -2.427756963541690544e-03
8.592369367103117606e-01 -2.381838990610132822e-03
8.682414025184465034e-01 -2.347912131501709437e-03
8.769963708997239316e-01 -2.325000071737994695e-03
8.854951956868708507e-01 -2.312130489793184224e-03
8.937313946090211791e-01 -2.308340755491699453e-03
9.016986560952962027e-01 -2.312683152298093681e-03
9.093908460754208667e-01 -2.324229613033140449e-03
9.168020147687185872e-01 -2.342075964716926889e-03
9.239264034505404455e-01 -2.365345684194931214e-03
9.307584511828940199e-01 -2.393193171881149994e-03
9.372928014937533803e-01 -2.424806556285631978e-03
9.435243089873388556e-01 -2.459410046939324371e-03
9.494480458655731869e-01 -2.496265857822093856e-03
9.550593083390075400e-01 -2.534675727410707312e-03
9.603536229037976657e-01 -2.573982064946058780e-03
9.653267524598503346e-01 -2.613568755449367266e-03
9.699747022440652344e-01 -2.652861658371879865e-03
9.742937255517153394e-01 -2.691328836522375451e-03
9.782803292184519828e-01 -2.728480553083305858e-03
9.819312788352140275e-01 -2.763869075086704610e-03
9.852436036684633081e-01 -2.797088321691943574e-03
9.882146012586887629e-01 -2.827773394995461258e-03
9.908418416709896537e-01 -2.855600029933054972e-03
9.931231713727890487e-01 -2.880283998125709663e-03
9.950567167152944981e-01 -2.901580498313891410e-03
9.966408869972366302e-01 -2.919283563348591681e-03
9.978743770916104205e-01 -2.933225510611709840e-03
9.987561696186210147e-01 -2.943276459262908831e-03
9.992855366507554793e-01 -2.949343933913775844e-03
9.994620409388059734e-01 -2.951372570259327456e-03
