# NACA 4-digit  m=0.036618 p=0.400 t/c=0.029584  unit chord, x y
1.000363481210777783e+00 2.977898824576058999e-03
1.000192722749324803e+00 3.004405204426245386e-03
9.996805610946121190e-01 3.083862485716664086e-03
9.988273373782315945e-01 3.216085283177433796e-03
9.976336199615057909e-01 3.400765252080117668e-03
9.961002041478829172e-01 3.637472030895315921e-03
9.942281117790773282e-01 3.925654554195676972e-03
9.920185907137792913e-01 4.264642729054989034e-03
9.894731141874529845e-01 4.653649466364927732e-03
9.865933800514782304e-01 5.091773056733726183e-03
9.833813098896571070e-01 5.577999878959627456e-03
9.798390480099133937e-01 6.111207427503846136e-03
9.759689603088625987e-01 6.690167643929922740e-03
9.717736330068295070e-01 7.313550535946853996e-03
9.672558712508350087e-01 7.979928066496321318e-03
9.624186975830752999e-01 8.687778294274303009e-03
9.572653502724651764e-01 9.435489746177128795e-03
9.517992815069231671e-01 1.022136600142138467e-02
9.460241554442273548e-01 1.104363046650742690e-02
9.399438461194769001e-01 1.190043131978281085e-02
9.335624352074455290e-01 1.278984660411331895e-02
9.268842096384022344e-01 1.370988944608777897e-02
9.199136590663080648e-01 1.465851338026281057e-02
9.126554731886681315e-01 1.563361775719376845e-02
9.051145389177021050e-01 1.663305321439166595e-02
8.972959374029162438e-01 1.765462718988541208e-02
8.892049409055947651e-01 1.869610945874562724e-02
8.808470095261571320e-01 1.975523767373161405e-02
8.722277877857769202e-01 2.082972289214279904e-02
8.633531010640920211e-01 2.191725507198059864e-02
8.542289518952531635e-01 2.301550852164000252e-02
8.448615161249729555e-01 2.412214728853864093e-02
8.352571389316073569e-01 2.523483047333980461e-02
8.254223307146594246e-01 2.635121745771783208e-02
8.153637628544008198e-01 2.746897303493470166e-02
8.050882633465898941e-01 2.858577243382677893e-02
7.946028123164855517e-01 2.969930622812714388e-02
7.839145374165445990e-01 3.080728512435290320e-02
7.730307091123250762e-01 3.190744462275305754e-02
7.619587358611989991e-01 3.299754954702687620e-02
7.507061591885162422e-01 3.407539843966951587e-02
7.392806486658499709e-01 3.513882782086663603e-02
7.276899967958866400e-01 3.618571630983360987e-02
7.159421138084259839e-01 3.721398860836187122e-02
7.040450223718139888e-01 3.822161934708986908e-02
6.920068522239413156e-01 3.920663679564790477e-02
6.798358347267462465e-01 4.016712643832870411e-02
6.675402973479140911e-01 4.110123441730642591e-02
6.551286580732204046e-01 4.200717084565945558e-02
6.426094197527049134e-01 4.288321299254969216e-02
6.299911643835967023e-01 4.372770834287085379e-02
6.172825473326493118e-01 4.453907753350601351e-02
6.044922915003023700e-01 4.531581716803324833e-02
5.916291814288507922e-01 4.605650251129526224e-02
5.787020573566038495e-01 4.675979006471327887e-02
5.657198092198461037e-01 4.742442002258597661e-02
5.526913706042790864e-01 4.804921860888382301e-02
5.396257126475383359e-01 4.863310029324087458e-02
5.265318378943413258e-01 4.917506988397318812e-02
5.134187741058373611e-01 4.967422449503268445e-02
5.002955680247976877e-01 5.012975538285244226e-02
4.871712790984172869e-01 5.054094964807232665e-02
4.740549731606754635e-01 5.090719179616885054e-02
4.609557160764500283e-01 5.122796515006969309e-02
4.478825673498727511e-01 5.150285310692667012e-02
4.348445736997625377e-01 5.173154023037228322e-02
4.218507626053670245e-01 5.191381316880690905e-02
4.089101358260852082e-01 5.204956138957773926e-02
3.960160483215335314e-01 5.213676763638533385e-02
3.831579731128819111e-01 5.214563616906642274e-02
3.703798456604424638e-01 5.206699635811293247e-02
3.576906803385745404e-01 5.190202610384510307e-02
3.450994358540228069e-01 5.165211522501404751e-02
3.326150078326070014e-01 5.131886170192334617e-02
3.202462213864891161e-01 5.090406734510360964e-02
3.080018236764572870e-01 5.040973288826759019e-02
2.958904764846780888e-01 4.983805250608266957e-02
2.839207488142511671e-01 4.919140775926489351e-02
2.721011095326416607e-01 4.847236097160655816e-02
2.604399200766508993e-01 4.768364804578961724e-02
2.489454272369983623e-01 4.682817072718799961e-02
2.376257560408160385e-01 4.590898832731066942e-02
2.264889027504020658e-01 4.492930892106083984e-02
2.155427279964249043e-01 4.389248003456690250e-02
2.047949500634223541e-01 4.280197884295366961e-02
1.942531383448985738e-01 4.166140190004882088e-02
1.839247069845915961e-01 4.047445442463412646e-02
1.738169087195696183e-01 3.924493917043224422e-02
1.639368289397320766e-01 3.797674490954604243e-02
1.542913799770492811e-01 3.667383456151487170e-02
1.448872956364870013e-01 3.534023300250122013e-02
1.357311259790542624e-01 3.398001459134994406e-02
1.268292323657935483e-01 3.259729045135299069e-02
1.181877827698310235e-01 3.119619554848527404e-02
1.098127473618379230e-01 2.978087560863781208e-02
1.017098943724493998e-01 2.835547391794465688e-02
9.388478623336132811e-02 2.692411805166939134e-02
8.634277599700999895e-02 2.549090657827162570e-02
7.908900403295332504e-02 2.405989578620484209e-02
7.212839499733458837e-02 2.263508648169482163e-02
6.546565507015283947e-02 2.122041090620747916e-02
5.910526945349714456e-02 1.981971982252993952e-02
5.305150012245422875e-02 1.843676981835726258e-02
4.730838381908158280e-02 1.707521087599715021e-02
4.187973027867029907e-02 1.573857425627675499e-02
3.676912067651823962e-02 1.443026074396136504e-02
3.197990628260351936e-02 1.315352930097734088e-02
2.751520731090193253e-02 1.191148617247596297e-02
2.337791194963820610e-02 1.070707448928754323e-02
1.957067555849993298e-02 9.543064408602692020e-03
1.609592001878294015e-02 8.422043832790406664e-03
1.295583322256899615e-02 7.346409744127944084e-03
1.015236868736682681e-02 6.318360190889132921e-03
7.687245283163101142e-03 5.339886957725569275e-03
5.561947059524029180e-03 4.412768950591813670e-03
3.777723161256566018e-03 3.538566323627370929e-03
2.335587822157597724e-03 2.718615372424950001e-03
1.236320427546888472e-03 1.954024215005983021e-03
4.804656375693815281e-04 1.245669278602017137e-03
6.833356465325289054e-05 5.941926070233567161e-04
0.000000000000000000e+00 0.000000000000000000e+00
2.743414597894872401e-04 -5.314658672594959428e-04
8.899996078567852390e-04 -9.949664910503563161e-04
1.846345839325147682e-03 -1.390708004437047566e-03
3.142516809569112415e-03 -1.719066314153370849e-03
4.777415464933051394e-03 -1.980586060720784195e-03
6.749712345338200470e-03 -2.175979261564938740e-03
9.057847152882282302e-03 -2.306123636950878093e-03
1.170003057882748436e-02 -2.372060618309508248e-03
1.467424637975444680e-02 -2.374993038319685688e-03
1.797825369214874763e-02 -2.316282501949773649e-03
2.160958957330701494e-02 -2.197446437557985105e-03
2.556557175520826272e-02 -2.020154827108855064e-03
2.984330159691963788e-02 -1.786226614591234808e-03
3.443966722019473764e-02 -1.497625791827415960e-03
3.935134681219502190e-02 -1.156457161049511025e-03
4.457481207872883433e-02 -7.649617738930874003e-04
5.010633183105778904e-02 -3.255120468243725279e-04
5.594197568917787244e-02 1.593934465201653217e-04
6.207761788453747265e-02 6.871355050410126591e-04
6.850894114540845292e-02 1.254980150224698290e-03
7.523144064857312241e-02 1.860084794062331209e-03
8.224042802162262467e-02 2.499504721493428852e-03
8.953103538097430258e-02 3.170199883055351345e-03
9.709821939169122063e-02 3.869041992341070574e-03
1.049367653363153241e-01 4.592821921690267914e-03
1.130412911811911753e-01 5.338257388265786607e-03
1.214062516301380457e-01 6.102000921302705785e-03
1.300259421568120966e-01 6.880648099868937398e-03
1.388945030086579935e-01 7.670746048949675031e-03
1.480059231769654260e-01 8.468802180074104166e-03
1.573540443291966962e-01 9.271293161050407280e-03
1.669325647014096858e-01 1.007467409767609338e-02
1.767350429502467235e-01 1.087538790855794787e-02
1.867549019655709019e-01 1.166987487242343580e-02
1.969854326463807703e-01 1.245458232554786000e-02
2.074197976441045088e-01 1.322597448517559039e-02
2.180510350787421558e-01 1.398054237309657478e-02
2.288720622345707389e-01 1.471481381186801052e-02
2.398756792432350515e-01 1.542536346456544784e-02
2.510545727630015267e-01 1.610882288742555152e-02
2.624013196637405287e-01 1.676189056332444416e-02
2.739083907278115904e-01 1.738134188273942476e-02
2.855681543774535869e-01 1.796403903768746535e-02
2.973728804395215364e-01 1.850694079314045212e-02
3.093147439584528757e-01 1.900711209960007780e-02
3.213858290682105046e-01 1.946173350989488168e-02
3.335781329336219292e-01 1.986811036285015056e-02
3.458835697710297419e-01 2.022368169629424825e-02
3.582939749575027033e-01 2.052602885191365245e-02
3.708011092370365747e-01 2.077288373476272529e-02
3.833966630312125590e-01 2.096213669078197603e-02
3.960722608607070705e-01 2.109184396648280946e-02
4.088543386817670711e-01 2.117016335017621667e-02
4.217147723544020232e-01 2.122543464589336099e-02
4.346292340801857779e-01 2.125876157515678433e-02
4.475889693824736115e-01 2.126935844378639168e-02
4.605851881957049310e-01 2.125652251741889931e-02
4.736090705963805769e-01 2.121963684213106632e-02
4.866517725937093974e-01 2.115817273629928136e-02
4.997044319752022568e-01 2.107169193873056900e-02
5.127581742020357325e-01 2.095984840020586118e-02
5.258041183486021897e-01 2.082238970778008125e-02
5.388333830803064828e-01 2.065915813346762275e-02
5.518370926633742179e-01 2.047009130128191190e-02
5.648063830002052477e-01 2.025522246897577122e-02
5.777324076836268807e-01 2.001468042322011170e-02
5.906063440632964845e-01 1.974868898934434985e-02
6.034193993174568060e-01 1.945756615911639620e-02
6.161628165232559962e-01 1.914172284234793783e-02
6.288278807189240371e-01 1.880166125034635899e-02
6.414059249512175098e-01 1.843797292138301541e-02
6.538883363017270467e-01 1.805133640038814394e-02
6.662665618858567562e-01 1.764251458699922503e-02
6.785321148185537998e-01 1.721235176786788806e-02
6.906765801411482997e-01 1.676177035075536448e-02
7.026916207039861639e-01 1.629176731940774198e-02
7.145689829998688181e-01 1.580341042948824049e-02
7.263005029436601090e-01 1.529783416694915563e-02
7.378781115937581569e-01 1.477623549114216381e-02
7.492938408114835358e-01 1.423986938569040892e-02
7.605398288547497998e-01 1.369004424067799680e-02
7.716083259027016750e-01 1.312811709004995699e-02
7.824916995082880078e-01 1.255548872826397697e-02
7.931824399759873634e-01 1.197359873019661174e-02
8.036731656621305397e-01 1.138392039808687820e-02
8.139566281954364602e-01 1.078795565890994755e-02
8.240257176155240115e-01 1.018722993501870906e-02
8.338734674272504366e-01 9.583287010185943464e-03
8.434930595687809562e-01 8.977683912333689689e-03
8.528778292912942982e-01 8.371985833266776950e-03
8.620212699481955010e-01 7.767761104643178434e-03
8.709170376916171019e-01 7.166576248236868583e-03
8.795589560738739099e-01 6.569991117288726326e-03
8.879410205513759147e-01 5.979554144418630472e-03
8.960574028883186992e-01 5.396797710200767172e-03
9.039024554572453463e-01 4.823233645103019301e-03
9.114707154333473449e-01 4.260348876074135718e-03
9.187569088791159855e-01 3.709601227647097224e-03
9.257559547156899438e-01 3.172415386028632281e-03
9.324629685769928455e-01 2.650179033275859401e-03
9.388732665424883717e-01 2.144239157340027332e-03
9.449823687441404330e-01 1.655898542491025457e-03
9.507860028429371280e-01 1.186412443442332737e-03
9.562801073701355792e-01 7.369854453805431069e-04
9.614608349282114386e-01 3.087685110787150022e-04
9.663245552463666233e-01 -9.714378465612398539e-05
9.708678580853488116e-01 -4.797158337756400256e-04
9.750875559862910436e-01 -8.379733883134669881e-04
9.789806868582796584e-01 -1.171005770135352328e-03
9.825445163994110942e-01 -1.477967899503565552e-03
9.857765403461983267e-01 -1.758082145221238034e-03
9.886744865463527043e-01 -2.010639999388635045e-03
9.912363168501752142e-01 -2.235003579960110048e-03
9.934602288160604422e-01 -2.430606964341879873e-03
9.953446572259275760e-01 -2.596957357222985131e-03
9.968882754067674989e-01 -2.733636095691357407e-03
9.980899963548964804e-01 -2.840299494461335280e-03
9.989489736599616032e-01 -2.916679533737853974e-03
9.994646022262323459e-01 -2.962584391876480362e-03
9.996365187892222171e-01 -2.977898824576058999e-03
