# NACA 4-digit  m=0.033388 p=0.400 t/c=0.025606  unit chord, x y
1.000331828195675898e+00 2.981591864852485216e-03
1.000160927797633992e+00 3.005438105930167015e-03
9.996483411444092582e-01 3.076920961167073799e-03
9.987944117964954183e-01 3.195872997228323131e-03
9.975997121472283125e-01 3.362015726529638850e-03
9.960650431111094383e-01 3.574960456155051956e-03
9.941914336865738111e-01 3.834209470283140436e-03
9.919801403923431682e-01 4.139157540123464263e-03
9.894326465762904865e-01 4.489093753738669125e-03
9.865506615955469405e-01 4.883203656564791273e-03
9.833361198664292147e-01 5.320571691955178553e-03
9.797911797826219793e-01 5.800183929677282628e-03
9.759182224999634059e-01 6.320931068992733520e-03
9.717198505861172064e-01 6.881611701765362986e-03
9.671988865333978058e-01 7.480935819972703640e-03
9.623583711330332413e-01 8.117528551057040867e-03
9.572015617092184403e-01 8.789934103744425492e-03
9.517319302114113366e-01 9.496619906292941282e-03
9.459531611634700576e-01 1.023598091860624532e-02
9.398691494684151548e-01 1.100634409926910806e-02
9.334839980678201199e-01 1.180597300832773346e-02
9.268020154550876688e-01 1.263307252655043560e-02
9.198277130421528280e-01 1.348579367195912836e-02
9.125658023794719353e-01 1.436223849461780097e-02
9.050211922294798539e-01 1.526046503099467988e-02
8.971989854940543019e-01 1.617849229967372945e-02
8.891044759968905753e-01 1.711430532077079861e-02
8.807431451220487650e-01 1.806586014210236762e-02
8.721206583103159327e-01 1.903108885594818195e-02
8.632428614153851987e-01 2.000790459113455447e-02
8.541157769222055274e-01 2.099420646612914707e-02
8.447456000302037138e-01 2.198788448986822158e-02
8.351386946043926063e-01 2.298682439812104947e-02
8.253015889976783592e-01 2.398891241431850424e-02
8.152409717479410789e-01 2.499203992492112641e-02
8.049636871537046989e-01 2.599410806055946904e-02
7.944767307324008820e-01 2.699303217533555524e-02
7.837872445653996101e-01 2.798674621781127581e-02
7.729025125340973634e-01 2.897320698831586105e-02
7.618299554514370575e-01 2.995039827826628115e-02
7.505771260932742051e-01 3.091633488819973963e-02
7.391517041340107674e-01 3.186906652215268365e-02
7.275614909908765249e-01 3.280668155687870013e-02
7.158144045811742906e-01 3.372731068516450492e-02
7.039184739967023763e-01 3.462913043317440015e-02
6.918818340994282723e-01 3.551036655231994132e-02
6.797127200423480620e-01 3.636929728660744099e-02
6.674194617192733547e-01 3.720425651675946660e-02
6.550104781471122184e-01 3.801363678263210838e-02
6.424942717840040896e-01 3.879589218555975355e-02
6.298794227864712436e-01 3.954954117225172733e-02
6.171745832085457906e-01 4.027316920174491000e-02
6.043884711456501968e-01 4.096543129668604732e-02
5.915298648258200398e-01 4.162505447988307933e-02
5.786075966507151502e-01 4.225084009663417073e-02
5.656305471887257408e-01 4.284166602282386827e-02
5.526076391223828654e-01 4.339648875817850304e-02
5.395478311522141635e-01 4.391434540340917458e-02
5.264601118591595297e-01 4.439435551925139528e-02
5.133534935276713451e-01 4.483572286465056789e-02
5.002370059316767481e-01 4.523773701055433527e-02
4.871196900856850087e-01 4.559977482497210716e-02
4.740105919634574616e-01 4.592130182416329781e-02
4.609187561868529071e-01 4.620187338403387162e-02
4.478532196876874871e-01 4.644113580507124028e-02
4.348230053457201039e-01 4.663882722344543652e-02
4.218371156061828664e-01 4.679477836026368909e-02
4.089045260806173920e-01 4.690891310040166962e-02
3.960217098397298963e-01 4.697941987697934474e-02
3.831820535808254102e-01 4.697921073913233214e-02
3.704224131727627545e-01 4.689996495762268486e-02
3.577517339450880240e-01 4.674277700052568985e-02
3.451789043877507290e-01 4.650893278997052238e-02
3.327127490766632056e-01 4.619990619340551968e-02
3.203620215929897097e-01 4.581735500158973934e-02
3.081353974480710023e-01 4.536311639298904602e-02
2.960414670267018100e-01 4.483920188579297583e-02
2.840887285621870872e-01 4.424779178043928424e-02
2.722855811572102991e-01 4.359122909732525419e-02
2.606403178650339991e-01 4.287201301629092048e-02
2.491611188459074699e-01 4.209279182646407519e-02
2.378560446137681361e-01 4.125635539714783695e-02
2.267330293883959014e-01 4.036562718259356641e-02
2.157998745680917430e-01 3.942365577571647212e-02
2.050642423377151691e-01 3.843360602806237397e-02
1.945336494265245963e-01 3.739874975560280451e-02
1.842154610297215556e-01 3.632245605220268958e-02
1.741168849069115176e-01 3.520818123485117829e-02
1.642449656698660998e-01 3.405945844695261460e-02
1.546065792710173137e-01 3.287988694812205015e-02
1.452084277030363801e-01 3.167312112099891774e-02
1.360570339186735200e-01 3.044285922756544832e-02
1.271587369787633703e-01 2.919283194931658956e-02
1.185196874349574991e-01 2.792679074735709630e-02
1.101458429523456684e-01 2.664849608008584142e-02
1.020429641756874783e-01 2.536170551755141320e-02
9.421661084151572441e-02 2.407016179281408486e-02
8.667213813691197755e-02 2.277758083171643050e-02
7.941469330431191742e-02 2.148763980333698309e-02
7.244921249028701826e-02 2.020396523407023276e-02
6.578041783489739502e-02 1.893012122873511532e-02
5.941281479692520073e-02 1.766959784235696412e-02
5.335068970910287339e-02 1.642579964629076184e-02
4.759810755635563578e-02 1.520203453215435152e-02
4.215890996909869154e-02 1.400150279661760422e-02
3.703671342277912309e-02 1.282728654944858410e-02
3.223490763413850574e-02 1.168233948635212169e-02
2.775665414410391843e-02 1.056947706705351972e-02
2.360488507680020762e-02 9.491367137785373942e-03
1.978230206391587073e-02 8.450521035834301573e-03
1.629137532355537377e-02 7.449285212105275986e-03
1.313434288276588841e-02 6.489833405770627575e-03
1.031320993314200664e-02 5.574159403000907356e-03
7.829748309277585402e-03 4.704070409534303471e-03
5.685496080343853051e-03 3.881181064441757960e-03
3.881757245725920083e-03 3.106908119901047229e-03
2.419601526424733189e-03 2.382465809114227284e-03
1.299864244828566676e-03 1.708861921707062123e-03
5.231462864546645086e-04 1.086894603047269163e-03
8.981413834979905578e-05 5.171498909281103170e-04
0.000000000000000000e+00 0.000000000000000000e+00
2.528608860929410342e-04 -4.599565088883092305e-04
8.473189589715022585e-04 -8.583072356683224156e-04
1.782802022043469478e-03 -1.195237917628913862e-03
3.058503105301976950e-03 -1.471090670338303947e-03
4.673381380463697762e-03 -1.686363058539136397e-03
6.626163324518376599e-03 -1.841706867172749219e-03
8.915344126767798041e-03 -1.937926572366970414e-03
1.153918933305230453e-02 -1.975977512028697508e-03
1.449573671955755455e-02 -1.956963755526894885e-03
1.778279838737631402e-02 -1.882135671841663957e-03
2.139796306789107719e-02 -1.752887195498224662e-03
2.533859862804626120e-02 -1.570752789607650877e-03
2.960185476371765198e-02 -1.337404105405848483e-03
3.418466586865975126e-02 -1.054646337824313024e-03
3.908375406593413842e-02 -7.244142768464802498e-04
4.429563238830044186e-02 -3.487680547061026634e-04
4.981660809378373606e-02 7.011141062604215463e-05
5.564278610252922780e-02 5.299272747410366941e-04
6.177007254110941648e-02 1.028271927377548758e-03
6.819417838066389737e-02 1.562632452128859956e-03
7.491062315562069251e-02 2.130396382343437839e-03
8.191473875026403229e-02 2.728857749434604116e-03
8.920167324107232398e-02 3.355223418864202931e-03
9.676639478353682433e-02 4.006619708023654788e-03
1.046036955330772455e-01 4.680099279105932875e-03
1.127081955906834299e-01 5.372648298849534362e-03
1.210743469650115700e-01 6.081193855744616156e-03
1.296964375438422745e-01 6.802611623930861912e-03
1.385685950690387358e-01 7.533733761592454822e-03
1.476847911104160471e-01 8.271357030178340744e-03
1.570388450352286636e-01 9.012251119255756948e-03
1.666244279712756626e-01 9.753167160252479775e-03
1.764350667629048242e-01 1.049084641077185215e-02
1.864641479204409424e-01 1.122202908958730948e-02
1.967049215647547478e-01 1.194346334085388296e-02
2.071505053698116938e-01 1.265191430452844608e-02
2.177938885070753172e-01 1.334417326848416456e-02
2.286279355965769033e-01 1.401706687635279579e-02
2.396453906702829539e-01 1.466746636374932286e-02
2.508388811540924190e-01 1.529229679424195555e-02
2.622009218753574289e-01 1.588854626524492664e-02
2.737239191032429519e-01 1.645327505294644221e-02
2.854001746295176667e-01 1.698362466445763053e-02
2.972218898974978152e-01 1.747682676459398621e-02
3.091811701868391604e-01 1.793021194409345070e-02
3.212700288617099109e-01 1.834121829564917122e-02
3.334803916895657250e-01 1.870739976390074083e-02
3.458041012373018197e-01 1.902643423549607582e-02
3.582329213509892196e-01 1.929613133551723314e-02
3.707585417247162840e-01 1.951443989696066000e-02
3.833725825632690598e-01 1.967945507058516119e-02
3.960665993425107057e-01 1.978942504328581875e-02
4.088599484272348872e-01 1.985182889981472118e-02
4.217284193535861814e-01 1.989258588212071757e-02
4.346508024342282117e-01 1.991273008814834281e-02
4.476183170446588755e-01 1.991156979974155472e-02
4.606221480853020522e-01 1.988848952550763965e-02
4.736534517935985789e-01 1.984295248203968992e-02
4.867033616064416757e-01 1.977450277793300210e-02
4.997629940683231409e-01 1.968276728761815531e-02
5.128234547802017484e-01 1.956745720389204898e-02
5.258758443837839858e-01 1.942836925996930392e-02
5.389112645756306552e-01 1.926538661388647530e-02
5.519208241452704389e-01 1.907847939014913757e-02
5.648956450313256106e-01 1.886770487560080270e-02
5.778268683895155799e-01 1.863320736859215218e-02
5.907056606663272369e-01 1.837521768262324190e-02
6.035232196721089792e-01 1.809405230769724898e-02
6.162707806473595173e-01 1.779011223464957783e-02
6.289396223160494959e-01 1.746388144967793432e-02
6.415210729199183337e-01 1.711592510818445850e-02
6.540065162278352329e-01 1.674688739883294780e-02
6.663873975144974926e-01 1.635748911040796338e-02
6.786552295029519843e-01 1.594852491562613606e-02
6.908015982656613430e-01 1.552086038748039069e-02
7.028181690790977765e-01 1.507542876498564784e-02
7.146966922271205114e-01 1.461322748633049791e-02
7.264290087486702241e-01 1.413531450841766339e-02
7.380070561255973605e-01 1.364280443259033651e-02
7.494228739067255729e-01 1.313686445698875223e-02
7.606686092645117414e-01 1.261871017646109573e-02
7.717365224809293878e-01 1.208960125126301403e-02
7.826189923594329967e-01 1.155083696592486969e-02
7.933085215600720330e-01 1.100375169964764102e-02
8.037977418550157349e-01 1.044971032941189280e-02
8.140794193018962011e-01 9.890103586658281765e-03
8.241464593325050769e-01 9.326343387927782738e-03
8.339919117544651872e-01 8.759858159247683324e-03
8.436089756635501979e-01 8.192088173322870093e-03
8.529910042643419343e-01 7.624480917756553365e-03
8.621315095969023234e-01 7.058486511587446117e-03
8.710241671670780894e-01 6.495553186410963319e-03
8.796628204779822768e-01 5.937122847258209310e-03
8.880414854600801045e-01 5.384626727256390522e-03
8.961543547971806412e-01 4.839481148899887723e-03
9.039958021454675974e-01 4.303083403538423245e-03
9.115603862425435411e-01 3.776807759450037660e-03
9.188428549032712223e-01 3.262001607627443636e-03
9.258381488990045094e-01 2.759981753179678240e-03
9.325414057166182547e-01 2.272030859048314658e-03
9.389479631935501169e-01 1.799394047574475776e-03
9.450533630248977301e-01 1.343275664335923623e-03
9.508533541384489585e-01 9.048362076178153093e-04
9.563438959333823153e-01 4.851894258918578243e-04
9.615211613782534972e-01 8.539958476733687520e-05
9.663815399638038262e-01 -2.935210959513984488e-04
9.709216405060611121e-01 -6.506148352055608416e-04
9.751382937951902363e-01 -9.849805143707563750e-04
9.790285550855710728e-01 -1.295775732994299684e-03
9.825897064226389865e-01 -1.582218698332295238e-03
9.858192588021296165e-01 -1.843589950790849342e-03
9.887149541575152023e-01 -2.079233927631833970e-03
9.912747671716113373e-01 -2.288560367464423286e-03
9.934969069085639592e-01 -2.471045558112851780e-03
9.953798182627010549e-01 -2.626233430433768442e-03
9.969221832210449774e-01 -2.753736500558845793e-03
9.981229219366326566e-01 -2.853236662866332450e-03
9.989811936101644640e-01 -2.924485835747488247e-03
9.994963971779231571e-01 -2.967306461939454420e-03
9.996681718043242126e-01 -2.981591864852485216e-03
