# NACA 4-digit  m=0.053883 p=0.400 t/c=0.133563  unit chord, x y
1.000530342761476454e+00 2.952750676123792450e-03
1.000363665922529899e+00 3.010319905339068052e-03
9.998637271233344892e-01 3.182901841291093780e-03
9.990308015872420011e-01 3.470119662967488441e-03
9.978653482531874008e-01 3.871346779116389362e-03
9.963680101208800544e-01 4.385708982977186074e-03
9.945396147244800478e-01 5.012087447175843369e-03
9.923811747253525883e-01 5.749122537318134170e-03
9.898938886120475233e-01 6.595218417055398810e-03
9.870791414933979269e-01 7.548548411914031073e-03
9.839385059685922252e-01 8.607061094022648226e-03
9.804737430562765477e-01 9.768487045103659699e-03
9.766868031632263136e-01 1.103034625075133279e-02
9.725798270718974958e-01 1.238995607515902195e-02
9.681551469252543951e-01 1.384443976210416802e-02
9.634152871866733525e-01 1.539073540520344285e-02
9.583629655524649182e-01 1.702560532822556746e-02
9.530010937946148397e-01 1.874564581463026777e-02
9.473327785117369171e-01 2.054729712449453877e-02
9.413613217669274391e-01 2.242685373661236492e-02
9.350902215922138883e-01 2.438047475380391085e-02
9.285231723405573678e-01 2.640419441035098125e-02
9.216640648678898762e-01 2.849393262196905224e-02
9.145169865294117129e-01 3.064550552081871798e-02
9.070862209762916573e-01 3.285463592072827149e-02
8.993762477409813494e-01 3.511696366100765243e-02
8.913917416015417761e-01 3.742805578095170088e-02
8.831375717176018769e-01 3.978341648130925834e-02
8.746188005328491277e-01 4.217849683358587676e-02
8.658406824411806202e-01 4.460870420299938022e-02
8.568086622158177512e-01 4.706941135615685251e-02
8.475283732027638628e-01 4.955596523000634079e-02
8.380056352818988641e-01 5.206369534427068152e-02
8.282464526007501382e-01 5.458792184532189340e-02
8.182570110875011515e-01 5.712396317523357747e-02
8.080436757510874868e-01 5.966714336547803560e-02
7.976129877772352161e-01 6.221279896034510870e-02
7.869716614300330537e-01 6.475628558057638928e-02
7.761265807690554963e-01 6.729298414285575514e-02
7.650847961921806162e-01 6.981830675561272181e-02
7.538535208140677568e-01 7.232770231600740840e-02
7.424401266897809881e-01 7.481666183691318417e-02
7.308521408922826756e-01 7.728072353614302836e-02
7.190972414514887889e-01 7.971547772301951218e-02
7.071832531613158057e-01 8.211657151963068502e-02
6.951181432596517107e-01 8.447971345570004509e-02
6.829100169845505608e-01 8.680067797690382836e-02
6.705671130081380937e-01 8.907530990667386628e-02
6.580977987478529023e-01 9.129952890101133978e-02
6.455105655527160202e-01 9.346933393461395734e-02
6.328140237604088503e-01 9.558080785468389684e-02
6.200168976190706394e-01 9.763012203616176776e-02
6.071280200659835424e-01 9.961354116884524323e-02
5.941563273536960565e-01 1.015274282029366565e-01
5.811108535127492702e-01 1.033682494750697567e-01
5.680007246390079700e-01 1.051325800318428372e-01
5.548351529927371129e-01 1.068171091623970337e-01
5.416234308960111710e-01 1.084186461456948525e-01
5.283749244148584490e-01 1.099341262119487295e-01
5.150990668127143346e-01 1.113606167112041606e-01
5.018053517623318749e-01 1.126953234754854150e-01
4.885033263042762308e-01 1.139355973542467981e-01
4.752025835414925847e-01 1.150789408962370752e-01
4.619127550612186495e-01 1.161230151443650577e-01
4.486435030776567134e-01 1.170656465038455163e-01
4.354045122913333676e-01 1.179048336378963890e-01
4.222054814639125131e-01 1.186387543396363181e-01
4.090561147103599637e-01 1.192657723236818790e-01
3.958685604171635064e-01 1.197813283855545113e-01
3.825300060082893472e-01 1.201378268549981310e-01
3.692687032656103985e-01 1.203196496208107369e-01
3.560955563984965488e-01 1.203272851679551697e-01
3.430214464644967265e-01 1.201616302357193522e-01
3.300572141534779402e-01 1.198239898151561844e-01
3.172136422257482158e-01 1.193160757814692718e-01
3.045014376987852933e-01 1.186400041067350031e-01
2.919312138827541703e-01 1.177982906065360852e-01
2.795134723693264989e-01 1.167938451830113633e-01
2.672585850813479769e-01 1.156299645363802198e-01
2.551767764925804149e-01 1.143103233270521268e-01
2.432781061270339606e-01 1.128389637808558527e-01
2.315724514463042283e-01 1.112202837405871364e-01
2.200694912308585049e-01 1.094590231778565792e-01
2.087786895574027246e-01 1.075602491899933510e-01
1.977092804693784678e-01 1.055293395174135007e-01
1.868702534313629593e-01 1.033719646272825837e-01
1.762703396507668552e-01 1.010940684193979977e-01
1.659179993418601340e-01 9.870184761988579081e-02
1.558214099979254308e-01 9.620172993748760115e-02
1.459884557273745109e-01 9.360035106582027808e-02
1.364267176991023622e-01 9.090453062298153863e-02
1.271434657313436356e-01 8.812124712719102138e-02
1.181456510469803961e-01 8.525761211376886584e-02
1.094399002067746873e-01 8.232084350463089728e-02
1.010325102205114761e-01 7.931823834660398087e-02
9.292944482467652145e-02 7.625714503922642606e-02
8.513633190419356289e-02 7.314493517629055974e-02
7.765846202504106399e-02 6.998897512821269928e-02
7.050078803437803687e-02 6.679659749438546235e-02
6.366792567524216795e-02 6.357507255599027796e-02
5.716415515405248726e-02 6.033157986034233533e-02
5.099342359113657325e-02 5.707318006772187785e-02
4.515934827739798846e-02 5.380678719083845096e-02
3.966522065410851838e-02 5.053914135559991333e-02
3.451401092771184953e-02 4.727678220974146361e-02
2.970837322750856033e-02 4.402602310313708661e-02
2.525065121118794803e-02 4.079292616029273066e-02
2.114288402140317852e-02 3.758327836163463664e-02
1.738681249596511769e-02 3.440256874578511564e-02
1.398388553475004951e-02 3.125596684008793980e-02
1.093526652806978139e-02 2.814830242123702447e-02
8.241839754007137045e-03 2.508404670199775727e-02
5.904216656047761580e-03 2.206729503372428097e-02
3.922741917187593658e-03 1.910175120769167997e-02
2.297499252508983496e-03 1.619071343120608714e-02
1.028316848936432909e-03 1.333706204706392590e-02
1.147723884214056807e-04 1.054324905721949757e-02
-4.438024009089246331e-04 7.811289503529804563e-03
-6.483177121697110412e-04 5.142754750193026872e-03
-4.999221827423332848e-04 2.538767704019632022e-03
0.000000000000000000e+00 0.000000000000000000e+00
8.425972071850734019e-04 -2.446465822093488434e-03
2.018782957595877808e-03 -4.773847659177902700e-03
3.526468667780960787e-03 -6.982374330339611961e-03
5.363332243305304892e-03 -9.072420834625880004e-03
7.526821777253184936e-03 -1.104450689735538352e-02
1.001416015235324572e-02 -1.289929579101933843e-02
1.282235051885778979e-02 -1.463759341979811376e-02
1.594818261014654959e-02 -1.626034765267617838e-02
1.938823984831630765e-02 -1.776864788623550712e-02
2.313890718286190640e-02 -1.916372481446072112e-02
2.719637959705689667e-02 -2.044695037931917175e-02
3.155667120888135113e-02 -2.161983787249534619e-02
3.621562488641839189e-02 -2.268404215548504646e-02
4.116892229161030897e-02 -2.364135996230058712e-02
4.641209426120469772e-02 -2.449373024632518075e-02
5.194053142968728387e-02 -2.524323453039771861e-02
5.774949499603085346e-02 -2.589209721702500494e-02
6.383412753423411967e-02 -2.644268581372638191e-02
7.018946374689805090e-02 -2.689751102693272583e-02
7.681044106150880513e-02 -2.725922667660607771e-02
8.369190997066554283e-02 -2.753062938283767913e-02
9.082864402019791283e-02 -2.771465797513873730e-02
9.821534935294323754e-02 -2.781439257498070569e-02
1.058466737208589858e-01 -2.783305330238761838e-02
1.137172148840882024e-01 -2.777399855805399997e-02
1.218215283225176221e-01 -2.764072283357344589e-02
1.301541341931943818e-01 -2.743685400393702442e-02
1.387095234756252626e-01 -2.716615005850936751e-02
1.474821632563686202e-01 -2.683249522923328995e-02
1.564665011143500650e-01 -2.643989547785864647e-02
1.656569685788714663e-01 -2.599247330755165286e-02
1.750479836432163316e-01 -2.549446186831885036e-02
1.846339523279562078e-01 -2.495019833027933148e-02
1.944092692993956428e-01 -2.436411650393210948e-02
2.043683175599163848e-01 -2.374073869218452926e-02
2.145054672381483951e-01 -2.308466676501291781e-02
2.248150735177643356e-01 -2.240057245419007498e-02
2.352914737541142998e-01 -2.169318687250740979e-02
2.459289838377468618e-01 -2.096728926928827230e-02
2.567218938729659561e-01 -2.022769504169145971e-02
2.676644632478110131e-01 -1.947924302926303669e-02
2.787509151791052742e-01 -1.872678212734924658e-02
2.899754308223782551e-01 -1.797515726323885982e-02
3.013321430414454549e-01 -1.722919478717251096e-02
3.128151299361248694e-01 -1.649368733853764923e-02
3.244184082289514048e-01 -1.577337825554769174e-02
3.361359266127509904e-01 -1.507294560437356240e-02
3.479615591605558222e-01 -1.439698591093400287e-02
3.598890988975806948e-01 -1.374999768523578469e-02
3.719122516318686400e-01 -1.313636483417468526e-02
3.840246301358051229e-01 -1.256034006393664387e-02
3.962197487650770955e-01 -1.202602837747744624e-02
4.087083597974923155e-01 -1.152354926162416082e-02
4.213600534958565347e-01 -1.101495241124579583e-02
4.340692954886149479e-01 -1.050020453761147526e-02
4.468280336546896492e-01 -9.981935420741973319e-03
4.596281492109363098e-01 -9.462687390232440987e-03
4.724614602155634557e-01 -8.944905463469640661e-03
4.853197253878504536e-01 -8.430928158235533043e-03
4.981946482376679586e-01 -7.922979043299437085e-03
5.110778814951587590e-01 -7.423159083362079746e-03
5.239610318280850665e-01 -6.933439826994743094e-03
5.368356648318336477e-01 -6.455657478096864244e-03
5.496933102749161915e-01 -5.991507882976726540e-03
5.625254675810433813e-01 -5.542542456529908623e-03
5.753236115274814599e-01 -5.110165062256290247e-03
5.880791981384512201e-01 -4.695629852103852531e-03
6.007836707517756336e-01 -4.300040063468367479e-03
6.134284662368346686e-01 -3.924347762191401912e-03
6.260050213421118892e-01 -3.569354512188066542e-03
6.385047791512064030e-01 -3.235712944480585718e-03
6.509191956270945489e-01 -2.923929190997799632e-03
6.632397462256327536e-01 -2.634366141597649369e-03
6.754579325607494855e-01 -2.367247476448106069e-03
6.875652891054379046e-01 -2.122662420218211776e-03
6.995533899144843470e-01 -1.900571159538011479e-03
7.114138553568060130e-01 -1.700810860924890922e-03
7.231383588472640733e-01 -1.523102222871788869e-03
7.347186335698271398e-01 -1.367056493077827006e-03
7.461464791859320211e-01 -1.232182879881187076e-03
7.574137685237681827e-01 -1.117896285829478309e-03
7.685124542459712549e-01 -1.023525290992366443e-03
7.794345754947995530e-01 -9.483203140586149438e-04
7.901722645152376989e-01 -8.914618804491507287e-04
8.007177532576329471e-01 -8.520689285778509925e-04
8.110633799623361284e-01 -8.292070879642628178e-04
8.212015957294332980e-01 -8.218968660983587415e-04
8.311249710769589294e-01 -8.291216847198107365e-04
8.408262024909900489e-01 -8.498357104482871793e-04
8.502981189707297105e-01 -8.829714294119467288e-04
8.595336885711069019e-01 -9.274469206145379008e-04
8.685260249445448943e-01 -9.821727881724091891e-04
8.772683938824291650e-01 -1.046058718178328323e-03
8.857542198554289037e-01 -1.118019631731442809e-03
8.939770925502535937e-01 -1.196981411540069123e-03
9.019307733986557940e-01 -1.281886185382254129e-03
9.096092020926037636e-01 -1.371697155530850198e-03
9.170065030775341741e-01 -1.465402968942652873e-03
9.241169920135348104e-01 -1.562021628513588639e-03
9.309351821922244863e-01 -1.660603950953565972e-03
9.374557908950378327e-01 -1.760236581772312708e-03
9.436737456766308707e-01 -1.860044582452513237e-03
9.495841905552454554e-01 -1.959193609057951341e-03
9.551824920901358373e-01 -2.056891705255748694e-03
9.604642453246133860e-01 -2.152390735979205216e-03
9.654252795719472369e-01 -2.244987490700243830e-03
9.700616640202808227e-01 -2.334024487494928621e-03
9.743697131319273286e-01 -2.418890510754790821e-03
9.783459918119165044e-01 -2.499020916521594964e-03
9.819873203204759760e-01 -2.573897739991586140e-03
9.852907789042786302e-01 -2.643049639762541300e-03
9.882537121217581655e-01 -2.706051712888860039e-03
9.908737328386019172e-01 -2.762525213789322233e-03
9.931487258706577226e-01 -2.812137208535259517e-03
9.950768512529304388e-01 -2.854600194073465737e-03
9.966565471150858890e-01 -2.889671709532103550e-03
9.978865321458860738e-01 -2.917153963966183806e-03
9.987658076312392330e-01 -2.936893501758311865e-03
9.992936590530272500e-01 -2.948780923454219580e-03
9.994696572385236566e-01 -2.952750676123792450e-03
