# NACA 4-digit  m=0.043745 p=0.400 t/c=0.054390  unit chord, x y
1.000432876052084863e+00 2.968605450970420324e-03
1.000262971450715188e+00 3.004263454213880989e-03
9.997533666926644580e-01 3.111156059013938605e-03
9.989043888863811116e-01 3.289039310927806617e-03
9.977165831130767604e-01 3.537507485505820073e-03
9.961907122758911770e-01 3.855994382349250092e-03
9.943277568856728754e-01 4.243775126094954768e-03
9.921289147804001063e-01 4.699968463747373516e-03
9.895956007744867167e-01 5.223539544924482407e-03
9.867294462335232108e-01 5.813303168853358946e-03
9.835322985693729647e-01 6.467927479366506610e-03
9.800062206499977613e-01 7.185938086741082420e-03
9.761534901179415025e-01 7.965722593002939889e-03
9.719765986110514566e-01 8.805535495315361394e-03
9.674782508787771462e-01 9.703503440296294691e-03
9.626613637872550866e-01 1.065763080058216260e-02
9.575290652063764840e-01 1.166580554368592051e-02
9.520846927721269282e-01 1.272580536219823470e-02
9.463317925176958356e-01 1.383530403365552421e-02
9.402741173671690378e-01 1.499187797795635893e-02
9.339156254860326856e-01 1.619301298004512113e-02
9.272604784832264579e-01 1.743611104570238352e-02
9.203130394600742559e-01 1.871849735867567657e-02
9.130778709020965778e-01 2.003742730804838196e-02
9.055597324104280865e-01 2.139009355566711193e-02
8.977635782703486944e-01 2.277363311461477746e-02
8.896945548552517291e-01 2.418513441111293238e-02
8.813579978651985281e-01 2.562164430384526390e-02
8.727594294000589059e-01 2.708017503649032265e-02
8.639045548680643893e-01 2.855771110121741591e-02
8.547992597314038044e-01 3.005121599300586421e-02
8.454496060912721767e-01 3.155763883687056487e-02
8.358618291154931157e-01 3.307392087238758549e-02
8.260423333124957690e-01 3.459700178228237999e-02
8.159976886560070808e-01 3.612382585424292469e-02
8.057346265653195783e-01 3.765134796751606200e-02
7.952600357463971426e-01 3.917653939821326425e-02
7.845809578993886424e-01 4.069639343955741562e-02
7.737045832983262539e-01 4.220793083551720171e-02
7.626382462488803249e-01 4.370820502837347715e-02
7.513894204300414215e-01 4.519430722271507855e-02
7.399657141254917248e-01 4.666337127014285463e-02
7.283748653502187809e-01 4.811257838055258557e-02
7.166247368776315074e-01 4.953916166724252335e-02
7.047233111720573318e-01 5.094041053423872811e-02
6.926786852310345965e-01 5.231367491513100321e-02
6.804990653413161006e-01 5.365636937335480777e-02
6.681927617519157758e-01 5.496597707423286211e-02
6.557681832669470801e-01 5.624005363919552108e-02
6.432338317603756295e-01 5.747623089243565631e-02
6.305982966141957524e-01 5.867222050981885789e-02
6.178702490809309111e-01 5.982581757917387888e-02
6.050584365707888379e-01 6.093490408013887971e-02
5.921716768632698802e-01 6.199745229054953038e-02
5.792188522425670838e-01 6.301152812494430211e-02
5.662089035557038574e-01 6.397529440914856425e-02
5.531508241920617408e-01 6.488701409310580759e-02
5.400536539827499594e-01 6.574505340217925986e-02
5.269264730181898448e-01 6.654788492507560105e-02
5.137783953823203964e-01 6.729409063437827299e-02
5.006185628019913514e-01 6.798236483345058978e-02
4.874561382104079521e-01 6.861151702121323637e-02
4.743002992239046534e-01 6.918047466405174983e-02
4.611602315318794609e-01 6.968828586189998453e-02
4.480451222003931644e-01 7.013412189341250436e-02
4.349641528907279286e-01 7.051727962311515885e-02
4.219264929950990450e-01 7.083718375154222924e-02
4.089412926927097902e-01 7.109338888766396358e-02
3.959845777163909508e-01 7.128315277213705115e-02
3.830240109083694056e-01 7.137017503054612910e-02
3.701428585007110472e-01 7.134307889776236866e-02
3.573505292878996209e-01 7.120300451669188402e-02
3.446563834114840796e-01 7.095136393803497254e-02
3.320697229827447861e-01 7.058983782340114144e-02
3.195997826112476625e-01 7.012037137198748327e-02
3.072557198687305702e-01 6.954516945758512647e-02
2.950466057198963266e-01 6.886669096570120774e-02
2.829814149534895518e-01 6.808764232392129634e-02
2.710690166484915897e-01 6.721097022225602791e-02
2.593181647113377286e-01 6.623985352408702509e-02
2.477374885207292987e-01 6.517769437241011099e-02
2.363354837168498424e-01 6.402810850033116563e-02
2.251205031716129179e-01 6.279491475916101906e-02
2.141007481759387987e-01 6.148212388193557282e-02
2.032842598790048083e-01 6.009392650471380437e-02
1.926789110129402405e-01 5.863468047253751758e-02
1.822923979345618672e-01 5.710889746142741585e-02
1.721322330134917311e-01 5.552122895220007459e-02
1.622057373933989688e-01 5.387645159618108248e-02
1.525200341501930512e-01 5.217945201702028912e-02
1.430820418678045991e-01 5.043521109675343228e-02
1.338984686487691145e-01 4.864878779796525526e-02
1.249758065732192586e-01 4.682530257736462753e-02
1.163203266161432770e-01 4.496992044925425536e-02
1.079380740289279522e-01 4.308783376024317990e-02
9.983486418732775980e-02 4.118424473908972872e-02
9.201627890413076327e-02 3.926434788775679668e-02
8.448766320098383131e-02 3.733331228159962600e-02
7.725412253013846930e-02 3.539626384807401105e-02
7.032052043332667757e-02 3.345826769444525117e-02
6.369147662162794044e-02 3.152431055568841178e-02
5.737136545707133273e-02 2.959928343409658907e-02
5.136431481387958298e-02 2.768796450205672499e-02
4.567420529472986102e-02 2.579500233901361322e-02
4.030466977521256905e-02 2.392489957282757304e-02
3.525909324783896986e-02 2.208199699454644477e-02
3.054061293549912778e-02 2.027045821406699491e-02
2.615211864322028110e-02 1.849425492226415557e-02
2.209625331643322310e-02 1.675715282293206709e-02
1.837541377372313434e-02 1.506269829532042893e-02
1.499175158222659440e-02 1.341420584518008240e-02
1.194717404442670154e-02 1.181474639906574496e-02
9.243345266092264575e-03 1.026713649320223735e-02
6.881687276484266952e-03 8.773928404518425983e-03
4.863381173695310693e-03 7.337401267509086403e-03
3.189368270079206980e-03 5.959553216422355110e-03
1.860351215130432020e-03 4.642094587903359063e-03
8.767950758678612387e-04 3.386442214680734919e-03
2.389283577209005494e-04 2.193714836177456957e-03
-5.325604792155483303e-05 1.064729647086818526e-03
0.000000000000000000e+00 0.000000000000000000e+00
3.959310723642949772e-04 -9.897934296521884896e-04
1.131536887705266326e-03 -1.894213879007308841e-03
2.205871191004175023e-03 -2.713479038233839249e-03
3.617753416596277902e-03 -3.447987802675972577e-03
5.365770356110410866e-03 -4.098319105108100616e-03
7.448278231166918957e-03 -4.665230529424174016e-03
9.863405159561116492e-03 -5.149656703062080627e-03
1.260905400010204659e-02 -5.552707464270152313e-03
1.568290555789674315e-02 -5.875665799196390024e-03
1.908242212870509338e-02 -6.119985542733621595e-03
2.280485135808381358e-02 -6.287288836098579511e-03
2.684723038841324572e-02 -6.379363333269647864e-03
3.120639026460128931e-02 -6.398159147669818698e-03
3.587896056729913269e-02 -6.345785529867466364e-03
4.086137424087429165e-02 -6.224507266589476839e-03
4.614987258218656435e-02 -6.036740791008417262e-03
5.174051035540951082e-02 -5.785049994087165456e-03
5.762916099775251821e-02 -5.472141726749743529e-03
6.381152188096328448e-02 -5.100860982803975818e-03
7.028311959393335195e-02 -4.674185752876947389e-03
7.703931521258103321e-02 -4.195221540144991948e-03
8.407530952443748040e-02 -3.667195529350995159e-03
9.138614817700047022e-02 -3.093450401507512326e-03
9.896672672092178547e-02 -2.477437787787334367e-03
1.068117955214369641e-01 -1.822711357405980975e-03
1.149159645141011460e-01 -1.132919535801499983e-03
1.232737077838257922e-01 -4.117978511167068312e-04
1.318793679493863724e-01 3.368390911192807591e-04
1.407271603389431414e-01 1.109106003131507534e-03
1.498111769456478282e-01 1.901055675622456004e-03
1.591253901560529260e-01 2.708688097406788259e-03
1.686636562477427936e-01 3.527959924697249977e-03
1.784197186563246107e-01 4.354794288048920159e-03
1.883872110156006308e-01 5.185090922112077505e-03
1.985596599783391036e-01 6.014736600381914017e-03
2.089304878285220546e-01 6.839615854089250990e-03
2.194930148992282615e-01 7.655621951277079285e-03
2.302404618133598868e-01 8.458668108979019301e-03
2.411659515672012477e-01 9.244698908290681361e-03
2.522625114792705903e-01 1.000970187903368197e-02
2.635230750290536994e-01 1.074971921769209485e-02
2.749404836119616613e-01 1.146085959938438273e-02
2.865074882382152022e-01 1.213931004186198995e-02
2.982167512043032986e-01 1.278134777693412660e-02
3.100608477661795925e-01 1.338335208234391407e-02
3.220322678434519581e-01 1.394181602500484118e-02
3.341234177834841446e-01 1.445335806468147147e-02
3.463266222135684691e-01 1.491473346570092520e-02
3.586341260081776228e-01 1.532284546314463536e-02
3.710380963967679913e-01 1.567475612922014302e-02
3.835306252357250645e-01 1.596769688517966218e-02
3.961037314658496511e-01 1.619907860425165089e-02
4.088231818151424890e-01 1.637822583768972287e-02
4.216390419646700027e-01 1.653828957738314939e-02
4.345096548892203869e-01 1.668025602610150732e-02
4.474264145319531982e-01 1.680287321413420631e-02
4.603806727402754984e-01 1.690498120309880808e-02
4.733637445331513871e-01 1.698551665092978141e-02
4.863669134817187323e-01 1.704351694187689753e-02
4.993814371980085376e-01 1.707812385505147815e-02
5.123985529255526972e-01 1.708858674845964432e-02
5.254094832247536706e-01 1.707426523904602769e-02
5.384054417450948593e-01 1.703463136300900627e-02
5.513776390755915635e-01 1.696927120449535573e-02
5.643172886643474939e-01 1.687788598470413293e-02
5.772156127976636464e-01 1.676029260738309476e-02
5.900638486288773965e-01 1.661642366065101822e-02
6.028532542469703381e-01 1.644632687898097897e-02
6.155751147749743968e-01 1.625016407300153287e-02
6.282207484883249871e-01 1.602820953847255286e-02
6.407815129435467938e-01 1.578084795933785631e-02
6.532488111080003712e-01 1.550857182311583121e-02
6.656140974818550715e-01 1.521197837002808556e-02
6.778688842039839457e-01 1.489176610016190033e-02
6.900047471340550187e-01 1.454873086558718109e-02
7.020133319037428210e-01 1.418376157668384263e-02
7.138863599306632945e-01 1.379783555396207895e-02
7.256156343893279681e-01 1.339201355836508456e-02
7.371930461341164031e-01 1.296743453441803751e-02
7.486105795699583565e-01 1.252531010162563629e-02
7.598603184670684740e-01 1.206691883022054101e-02
7.709344517167004973e-01 1.159360033772649165e-02
7.818252790254439644e-01 1.110674924283188911e-02
7.925252165460757725e-01 1.060780901277785446e-02
8.030268024434008556e-01 1.009826573986306701e-02
8.133227023938301992e-01 9.579641881772944442e-03
8.234057150176876672e-01 9.053489999268599792e-03
8.332687772433646778e-01 8.521386523346014680e-03
8.429049696024817351e-01 7.984925582317595541e-03
8.523075214551436574e-01 7.445712917407922363e-03
8.614698161442231328e-01 6.905359913412191172e-03
8.703853960773351162e-01 6.365477768776833453e-03
8.790479677348325138e-01 5.827671827149220191e-03
8.874514066017189506e-01 5.293536090041290124e-03
8.955897620208862486e-01 4.764647927788643114e-03
9.034572619645193647e-01 4.242563003493494966e-03
9.110483177199188987e-01 3.728810422144150302e-03
9.183575284853497944e-01 3.224888114636546323e-03
9.253796858708657203e-01 2.732258464011046162e-03
9.321097782984056890e-01 2.252344178884678645e-03
9.385429952947962340e-01 1.786524416834815200e-03
9.446747316706719522e-01 1.336131158389671988e-03
9.505005915777333669e-01 9.024458303323584091e-04
9.560163924362242716e-01 4.866961752401184269e-04
9.612181687240316519e-01 9.005336257869589467e-05
9.661021756184244857e-01 -2.863706647365507271e-04
9.706648924811268619e-01 -6.415256156043413691e-04
9.749030261772121397e-01 -9.744250561074078998e-04
9.788135142181952908e-01 -1.284148404045495993e-03
9.823935277196952365e-01 -1.569842722242424399e-03
9.856404741641533462e-01 -1.830724320576012937e-03
9.885519999593189722e-01 -2.066080176802995508e-03
9.911259927835543992e-01 -2.275269186166909048e-03
9.933605837094648949e-01 -2.457723249492401764e-03
9.952541490979193162e-01 -2.612948208998543652e-03
9.968053122551965295e-01 -2.740524640417294107e-03
9.980129448467469633e-01 -2.840108509198215753e-03
9.988761680619092642e-01 -2.911431697632968236e-03
9.993943535248419607e-01 -2.954302408664249806e-03
9.995671239479150261e-01 -2.968605450970420324e-03
