# NACA 4-digit  m=0.031442 p=0.400 t/c=0.025003  unit chord, x y
1.000312706603754931e+00 2.983657919394932384e-03
1.000141767861828734e+00 3.006270809232373508e-03
9.996290664120561775e-01 3.074056495428898785e-03
9.987749465188133779e-01 3.186856190744850967e-03
9.975799817438157913e-01 3.344405791297350508e-03
9.960449746273520866e-01 3.546336685892225588e-03
9.941709562412234247e-01 3.792176883229934035e-03
9.919591856126250828e-01 4.081352451185720626e-03
9.894111490180108603e-01 4.413189260792867857e-03
9.865285591458202719e-01 4.786915026048583523e-03
9.833133541268025413e-01 5.201661629226866576e-03
9.797676964305591651e-01 5.656467720036525287e-03
9.758939716268451026e-01 6.150281575711555315e-03
9.716947870101252382e-01 6.681964207980723228e-03
9.671729700858708867e-01 7.250292701836835371e-03
9.623315669171075282e-01 7.853963770126551336e-03
9.571738403297949116e-01 8.491597507210695353e-03
9.517032679757255753e-01 9.161741324311398205e-03
9.459235402517632840e-01 9.862874048667123056e-03
9.398385580744288426e-01 1.059341016826376852e-02
9.334524305090496910e-01 1.135170420369892644e-02
9.267694722529301599e-01 1.213605518866794908e-02
9.197942009722732681e-01 1.294471124063064152e-02
9.125313344928811521e-01 1.377587420342423798e-02
9.049857878449737436e-01 1.462770434392622436e-02
8.971626701627959388e-01 1.549832508533305342e-02
8.890672814400328861e-01 1.638582776020022086e-02
8.807051091423861999e-01 1.728827636707791146e-02
8.720818246790283945e-01 1.820371231536224363e-02
8.632032797349851183e-01 1.913015914385694793e-02
8.540755024668329476e-01 2.006562719949031570e-02
8.447046935644226817e-01 2.100811826364547275e-02
8.350972221816371777e-01 2.195563011462621505e-02
8.252596217394718714e-01 2.290616101588096795e-02
8.151985856049760448e-01 2.385771412073148939e-02
8.049209626498218251e-01 2.480830178548475845e-02
7.944337526924450943e-01 2.575594978393494147e-02
7.837441018278678007e-01 2.669870141737111513e-02
7.728592976494221833e-01 2.763462151528334187e-02
7.617867643666823563e-01 2.856180032299199950e-02
7.505340578239478866e-01 2.947835727340078482e-02
7.391088604236408788e-01 3.038244464097982628e-02
7.275189759589377747e-01 3.127225107691453121e-02
7.157723243599104501e-01 3.214600502509473018e-02
7.038769363573542659e-01 3.300197801926338381e-02
6.918409480683621604e-01 3.383848786218517785e-02
6.796725955075754166e-01 3.465390168812776395e-02
6.673802090278705412e-01 3.544663891027034774e-02
6.549722076940801552e-01 3.621517405486020247e-02
6.424570935931658289e-01 3.695803948403007799e-02
6.298434460840720561e-01 3.767382800916668772e-02
6.171399159903159237e-01 3.836119539658683353e-02
6.043552197381930613e-01 3.901886276703615125e-02
5.914981334433180304e-01 3.964561889018186625e-02
5.785774869480773130e-01 4.024032237483270158e-02
5.656021578124552640e-01 4.080190375509443884e-02
5.525810652605985807e-01 4.132936747206765460e-02
5.395231640854246669e-01 4.182179375002764710e-02
5.264374385135568435e-01 4.227834036530472156e-02
5.133328960328752411e-01 4.269824430532173642e-02
5.002185611850226143e-01 4.308082331445575036e-02
4.871034693253019632e-01 4.342547732258886933e-02
4.739966603525218036e-01 4.373168975141161763e-02
4.609071724115275659e-01 4.399902869275795769e-02
4.478440355713617094e-01 4.422714795249621522e-02
4.348162654822447792e-01 4.441578795279290531e-02
4.218328570148506818e-01 4.456477648491672522e-02
4.089027778856630935e-01 4.467402930417623680e-02
3.960234718943675403e-01 4.474182923288251568e-02
3.831895388874378972e-01 4.474267143194732982e-02
3.704356291054615724e-01 4.466871389226571842e-02
3.577706670335851213e-01 4.452097583992978280e-02
3.452035200072142707e-01 4.430065709642320992e-02
3.327429912411700719e-01 4.400913483347460020e-02
3.203978128562888217e-01 4.364795984601377993e-02
3.081766389145768614e-01 4.321885234235960105e-02
2.960880384747827110e-01 4.272369725218277264e-02
2.841404886809110741e-01 4.216453905433174831e-02
2.723423678967719086e-01 4.154357612827653395e-02
2.607019489001202728e-01 4.086315463470490544e-02
2.492273921502836109e-01 4.012576193268661134e-02
2.379267391433873002e-01 3.933401954279071300e-02
2.268079058693725780e-01 3.849067566758612030e-02
2.158786763849419310e-01 3.759859728305810223e-02
2.051466965163672995e-01 3.666076181661924449e-02
1.946194677057590250e-01 3.568024842956391690e-02
1.843043410139113547e-01 3.466022892399255734e-02
1.742085112922258094e-01 3.360395829639769433e-02
1.643390115354694536e-01 3.251476496223918572e-02
1.547027074262597446e-01 3.139604067792265557e-02
1.453062920811897252e-01 3.025123018861457236e-02
1.361562810074326835e-01 2.908382063226146869e-02
1.272590072775026948e-01 2.789733073201260821e-02
1.186206169286139062e-01 2.669529981095788984e-02
1.102470645917926484e-01 2.548127666467101676e-02
1.021441093545682466e-01 2.425880832847648189e-02
9.431731085971643835e-02 2.303142877762535262e-02
8.677202564117493522e-02 2.180264759965622884e-02
7.951340369690877707e-02 2.057593867912450164e-02
7.254638529718759887e-02 1.935472893559417665e-02
6.587569802547402209e-02 1.814238715629646476e-02
5.950585404791686184e-02 1.694221296515983910e-02
5.344114760631991923e-02 1.575742597000402007e-02
4.768565272842373304e-02 1.459115512956127639e-02
4.224322114841018438e-02 1.344642838164147175e-02
3.711748042973030126e-02 1.232616257319228865e-02
3.231183228167070626e-02 1.123315373222391438e-02
2.782945106052391385e-02 1.017006772057163846e-02
2.367328244581923258e-02 9.139431305264244382e-03
1.984604228180519153e-02 8.143623684856035605e-03
1.635021557425851355e-02 7.184868505473775320e-03
1.318805563272201602e-02 6.265226399532882080e-03
1.036158334845124242e-02 5.386588078101536836e-03
7.872586598666568569e-03 4.550668005745523749e-03
5.722619768159594930e-03 3.758998684381833263e-03
3.913003379888643947e-03 3.012925570219834957e-03
2.444823826898150695e-03 2.313602645284540318e-03
1.318933198711557840e-03 1.661988662314982683e-03
5.359491962554316933e-04 1.058844079023014886e-03
9.625513036689419281e-05 5.047286948014106022e-04
0.000000000000000000e+00 0.000000000000000000e+00
2.464198940758459107e-04 -4.508684018235556510e-04
8.345160491707350739e-04 -8.435782189013168791e-04
1.763733068160478314e-03 -1.178297396761624665e-03
3.033280804828559444e-03 -1.455340198887424604e-03
4.642135246300973898e-03 -1.675166366891846833e-03
6.589039636702634720e-03 -1.838380006695631164e-03
8.872505837378814875e-03 -1.945728200209258978e-03
1.149081591774306875e-02 -1.998099341755953974e-03
1.444202396960142694e-02 -1.996521198244807956e-03
1.772395813667317424e-02 -1.942158691924654977e-03
2.133422285000175639e-02 -1.836311404427162092e-03
2.527020125902723624e-02 -1.680410800748925303e-03
2.952905784729765656e-02 -1.476017171834287725e-03
3.410774122112755075e-02 -1.224816294509392667e-03
3.900298705898296026e-02 -9.286158076893692020e-04
4.421132120898894902e-02 -5.893413040392462068e-04
4.972906292171563880e-02 -2.090321366197481212e-04
5.555232820531218196e-02 2.101630595055343706e-04
6.167703329011775537e-02 6.659911301820729129e-04
6.809889819008727030e-02 1.156099448434316432e-03
7.481345034872011190e-02 1.678041242190963372e-03
8.181602835766717263e-02 2.229281200723047182e-03
8.910178573680936631e-02 2.807201356114733676e-03
9.666569476533611038e-02 3.409107235054912796e-03
1.045025503541964773e-01 4.032234275114987207e-03
1.126069739512364498e-01 4.673754498470425109e-03
1.209734174713551630e-01 5.330783434735966372e-03
1.295961672451029500e-01 6.000387283225440752e-03
1.384693479802795724e-01 6.679590303524385320e-03
1.475869267322627021e-01 7.365382421787707370e-03
1.569427168799862327e-01 8.054727038655807095e-03
1.665303821056723088e-01 8.744569023133001370e-03
1.763434403775905324e-01 9.431842875204326723e-03
1.863752679362511433e-01 1.011348103839510709e-02
1.966191032855203191e-01 1.078642234191606181e-02
2.070680511911595634e-01 1.144762055050054482e-02
2.177150866902251292e-01 1.209405299854604543e-02
2.285530591156002267e-01 1.272272928373428293e-02
2.395746961406637898e-01 1.333069999394089107e-02
2.507726078497162781e-01 1.391506543997197975e-02
2.621392908402711552e-01 1.447298436549797861e-02
2.736671323636813424e-01 1.500168260451013695e-02
2.853484145107936798e-01 1.549846165571804914e-02
2.971753184494169142e-01 1.596070714255205802e-02
3.091399287203333013e-01 1.638589712684479505e-02
3.212342375984107989e-01 1.677161024385624699e-02
3.334501495250588587e-01 1.711553362608533857e-02
3.457794856178382781e-01 1.741547058328846154e-02
3.582139882624921223e-01 1.766934800631074151e-02
3.707453257920174661e-01 1.787522346273141827e-02
3.833650972566565729e-01 1.803129195293941972e-02
3.960648372878730616e-01 1.813589229608474074e-02
4.088616966221891857e-01 1.819606152291194240e-02
4.217326779449183660e-01 1.823621285885403814e-02
4.346575422977035363e-01 1.825730895272834747e-02
4.476275011609846533e-01 1.825868583263609915e-02
4.606337318606273934e-01 1.823975108150857616e-02
4.736673834045342368e-01 1.819998622356936921e-02
4.867195823668247212e-01 1.813894882828581689e-02
4.997814388149772191e-01 1.805627431925902610e-02
5.128440522749978525e-01 1.795167747729513666e-02
5.258985177293866720e-01 1.782495362877416917e-02
5.389359316424201518e-01 1.767597951237248263e-02
5.519473980070547237e-01 1.750471381918084282e-02
5.649240344075960873e-01 1.731119740327577428e-02
5.778569780921534171e-01 1.709555316182803653e-02
5.907373920488292462e-01 1.685798558585220250e-02
6.035564710795661147e-01 1.659877998469461158e-02
6.163054478655893842e-01 1.631830138930975838e-02
6.289755990184486834e-01 1.601699314126723769e-02
6.415582511107565944e-01 1.569537517624831555e-02
6.540447866808672961e-01 1.535404201251823995e-02
6.664266502059003061e-01 1.499366045648166043e-02
6.786953540377246297e-01 1.461496703893362323e-02
6.908424842967274548e-01 1.421876519699436479e-02
7.028597067184458869e-01 1.380592221795347990e-02
7.147387724483843519e-01 1.337736596233921223e-02
7.264715237806089743e-01 1.293408138446572320e-02
7.380498998359672491e-01 1.247710686948923405e-02
7.494659421760518914e-01 1.200753040661997617e-02
7.607118003492664426e-01 1.152648561859029135e-02
7.717797373656045679e-01 1.103514766776828721e-02
7.826621350969648061e-01 1.053472905943497219e-02
7.933514996000278208e-01 1.002647536271321013e-02
8.038404663588986088e-01 9.511660869453666955e-03
8.141218054448612351e-01 8.991584211054776468e-03
8.241884265907115648e-01 8.467563952725753323e-03
8.340333841772206158e-01 7.940934184105491456e-03
8.436498821293312300e-01 7.413040124434034338e-03
8.530312787197145141e-01 6.885233759650976823e-03
8.621710912773024038e-01 6.358869527875126056e-03
8.710630007983656276e-01 5.835300068719483958e-03
8.797008564576448419e-01 5.315872050824037819e-03
8.880786800169377937e-01 4.801922090862990877e-03
8.961906701284390042e-01 4.294772776114741571e-03
9.040312065299737077e-01 3.795728801488011325e-03
9.115948541291343243e-01 3.306073230687595413e-03
9.188763669731507822e-01 2.827063889994381463e-03
9.258706921011620183e-01 2.359929901938051348e-03
9.325729732753886836e-01 1.905868364969674940e-03
9.389785545875364292e-01 1.466041184109670610e-03
9.450829839366045038e-01 1.041572056461146679e-03
9.508820163741347198e-01 6.335436144542802919e-04
9.563716173128058440e-01 2.429947287294863256e-04
9.615479655941792103e-01 -1.290820283136153226e-04
9.664074564113307453e-01 -4.817427580733938362e-04
9.709467040820530803e-01 -8.140944508913429412e-04
9.751625446683085396e-01 -1.125297041884057350e-03
9.790520384376338869e-01 -1.414565309083368281e-03
9.826124721622656599e-01 -1.681170615930072630e-03
9.858413612518562852e-01 -1.924442500493814094e-03
9.887364517157948285e-01 -2.143770114022502081e-03
9.912957219513294227e-01 -2.338603511561152676e-03
9.935173843539143457e-01 -2.508454797425718578e-03
9.953998867464584066e-01 -2.652899128277647414e-03
9.969419136244574986e-01 -2.771575576425103042e-03
9.981423872143146969e-01 -2.864187855783428740e-03
9.990004683425175447e-01 -2.930504912668826373e-03
9.995155571137283035e-01 -2.970361383284493475e-03
9.996872933962451802e-01 -2.983657919394932384e-03
