# NACA 4-digit  m=0.046602 p=0.400 t/c=0.071225  unit chord, x y
1.000460497588723907e+00 2.964446317742895284e-03
1.000291220863800623e+00 3.005174968766260134e-03
9.997834963378522399e-01 3.127269034299982788e-03
9.989376409474441942e-01 3.330453152379140268e-03
9.977541828865600371e-01 3.614269386650526081e-03
9.962338615539704234e-01 3.978078720147121099e-03
9.943776274751950917e-01 4.421063133423368090e-03
9.921866421947940218e-01 4.942228254050974601e-03
9.896622781336180674e-01 5.540406560974715788e-03
9.868061184046390544e-01 6.214261123884118679e-03
9.836199565800710642e-01 6.962289854599344394e-03
9.801057964016955948e-01 7.782830244534714656e-03
9.762658514256488118e-01 8.674064559608823249e-03
9.721025445924011965e-01 9.634025461552481184e-03
9.676185077122860800e-01 1.066060202243554120e-02
9.628165808567149542e-01 1.175154609742125669e-02
9.576998116451493903e-01 1.290447901926920771e-02
9.522714544179934348e-01 1.411689857696488831e-02
9.465349692858116004e-01 1.538618624005918048e-02
9.404940210456725902e-01 1.670961458986497394e-02
9.341524779559513547e-01 1.808435491857773164e-02
9.275144103615821090e-01 1.950748495766501181e-02
9.205840891625360900e-01 2.097599669749615828e-02
9.133659841191826834e-01 2.248680426115075293e-02
9.058647619891565528e-01 2.403675179663962436e-02
8.980852844913913557e-01 2.562262135337587884e-02
8.900326060940710882e-01 2.724114071062702647e-02
8.817119716243584371e-01 2.888899112783906153e-02
8.731288136988905046e-01 3.056281498911935651e-02
8.642887499751419345e-01 3.225922331677230637e-02
8.551975802248359404e-01 3.397480313156311937e-02
8.458612832316173558e-01 3.570612464030844396e-02
8.362860135161591657e-01 3.744974823442211165e-02
8.264780978927488420e-01 3.920223128613956054e-02
8.164440318621698500e-01 4.096013473227074625e-02
8.061904758463531717e-01 4.272002943844400297e-02
7.957242512707987103e-01 4.447850233986850449e-02
7.850523365011597976e-01 4.623216235761803961e-02
7.741818626406379300e-01 4.797764609228542809e-02
7.631201091949424420e-01 4.971162329954113834e-02
7.518744996115293011e-01 5.143080215461402066e-02
7.404525966996650110e-01 5.313193431496342906e-02
7.288620979375352027e-01 5.481181979240397351e-02
7.171108306721913905e-01 5.646731164764424299e-02
7.052067472175690410e-01 5.809532052159166460e-02
6.931579198551519605e-01 5.969281901883366492e-02
6.809725357411304802e-01 6.125684595941605082e-02
6.686588917230844586e-01 6.278451051539518657e-02
6.562253890683807933e-01 6.427299624862975458e-02
6.436805281055999473e-01 6.571956506590494185e-02
6.310329027794301382e-01 6.712156110674609433e-02
6.182911951186165211e-01 6.847641457819156341e-02
6.054641696157467834e-01 6.978164554936790165e-02
5.925606675169089455e-01 7.103486771696246316e-02
5.795896010186106784e-01 7.223379215064329451e-02
5.665599473688041066e-01 7.337623102515991591e-02
5.534807428684477282e-01 7.446010134330177666e-02
5.403610767697628603e-01 7.548342865113132072e-02
5.272100850672358785e-01 7.644435074398069074e-02
5.140369441774713666e-01 7.734112135864802673e-02
5.008508645042321072e-01 7.817211384409486485e-02
4.876610838854302798e-01 7.893582479977245825e-02
4.744768609194167097e-01 7.963087766754178842e-02
4.613074681687088785e-01 8.025602626004355034e-02
4.481621852402445927e-01 8.081015820536718852e-02
4.350502917423686444e-01 8.129229828501093047e-02
4.219810601200293942e-01 8.170161163945720284e-02
4.089637483710695243e-01 8.203740681325932815e-02
3.959618903944017165e-01 8.229653038817962007e-02
3.829274151725703956e-01 8.243979254229252818e-02
3.699719399454359237e-01 8.245477183342882210e-02
3.571051621133050635e-01 8.234249872040408369e-02
3.443367354997963203e-01 8.210430693625082876e-02
3.316762595040962935e-01 8.174183079962914211e-02
3.191332681068684840e-01 8.125700162960605710e-02
3.067172187709285569e-01 8.065204324171428019e-02
2.944374812806834774e-01 7.992946650712495771e-02
2.823033265667363456e-01 7.909206296110998791e-02
2.703239155639446945e-01 7.814289745168168100e-02
2.585082881525526677e-01 7.708529982433380556e-02
2.468653522327594607e-01 7.592285564411394017e-02
2.354038729832222399e-01 7.465939596177656457e-02
2.241324623535256855e-01 7.329898613644469929e-02
2.130595688395599541e-01 7.184591373298199191e-02
2.021934675890668387e-01 7.030467551809158055e-02
1.915422508823540482e-01 6.867996358495570552e-02
1.811138190303644147e-01 6.697665064195221230e-02
1.709158717289651908e-01 6.519977450658008544e-02
1.609558999045366534e-01 6.335452185114423540e-02
1.512411780817367601e-01 6.144621125194317524e-02
1.417787572997601664e-01 5.948027559862939517e-02
1.325754585985557399e-01 5.746224392503077733e-02
1.236378670913833994e-01 5.539772272699945016e-02
1.149723266348412209e-01 5.329237683676045501e-02
1.065849351021526670e-01 5.115190992674049919e-02
9.848154026013589135e-02 4.898204471894673784e-02
9.066773624494932349e-02 4.678850297861683605e-02
8.314886062649376464e-02 4.457698537306482856e-02
7.592999204630901389e-02 4.235315127838943511e-02
6.901594840899481775e-02 4.012259861798882221e-02
6.241128560267496239e-02 3.789084381763550141e-02
5.612029671985408613e-02 3.566330196220654503e-02
5.014701174624615343e-02 3.344526723904285570e-02
4.449519768181787321e-02 3.124189375233134974e-02
3.916835905542952190e-02 2.905817679187465766e-02
3.416973879210209730e-02 2.689893463814510555e-02
2.950231939011420043e-02 2.476879098362539181e-02
2.516882436385565330e-02 2.267215804813163885e-02
2.117171990764910722e-02 2.061322046311146045e-02
1.751321673559824710e-02 1.859591999682664101e-02
1.419527205293425777e-02 1.662394118888706196e-02
1.121959161529699142e-02 1.470069795881521167e-02
8.587631833896639325e-03 1.282932124921424763e-02
6.300601886529587012e-03 1.101264775970430161e-02
4.359465796942717415e-03 9.253209823103932322e-03
2.764944448028238723e-03 7.553226470392675022e-03
1.517517497738929844e-03 5.914595725812803878e-03
6.174251704107631966e-04 4.338888168085495989e-03
6.466990031169482511e-05 2.827341788145379831e-03
-1.409821913417403576e-04 1.380858168067885562e-03
0.000000000000000000e+00 0.000000000000000000e+00
4.836572157844804746e-04 -1.301028475259361893e-03
1.305795345114471942e-03 -2.508282857427283821e-03
2.465241096461272957e-03 -3.621979235578082212e-03
3.960587133987780728e-03 -4.642511530631316871e-03
5.790194178161379122e-03 -5.570450285024407082e-03
7.952193607919513102e-03 -6.406541330137473754e-03
1.044449054951579643e-02 -7.151704326920601748e-03
1.326476743229767184e-02 -7.807031173316797412e-03
1.641048798702645153e-02 -8.373784270301049340e-03
1.987890165799742828e-02 -8.853394636681388707e-03
2.366704839620870082e-02 -9.247459861247964846e-03
2.777176379719736160e-02 -9.557741879421609993e-03
3.218968454396591711e-02 -9.786164560260355444e-03
3.691725411268405310e-02 -9.934811088542102459e-03
4.195072869661116421e-02 -1.000592112566799953e-02
4.728618330196961150e-02 -1.000188773233638348e-02
5.291951796832149862e-02 -9.925254035332715594e-03
5.884646406538594776e-02 -9.778709620379405845e-03
6.506259061818053802e-02 -9.565086632800940541e-03
7.156331061288633000e-02 -9.287355567794556774e-03
7.834388723691289302e-02 -8.948620732365131225e-03
8.539944000826693582e-02 -8.552115361492543255e-03
9.272495075149053689e-02 -8.101196371859090140e-03
1.003152693801032252e-01 -7.599338737478825156e-03
1.081651194486288325e-01 -7.050129472846163731e-03
1.162691034408764312e-01 -6.457261210759675935e-03
1.246217077651278482e-01 -5.824525363781619947e-03
1.332173074312222594e-01 -5.155804860362191155e-03
1.420501703891565159e-01 -4.455066448988763417e-03
1.511144615136922609e-01 -3.726352566307215147e-03
1.604042462245092171e-01 -2.973772767998202754e-03
1.699134937366051090e-01 -2.201494724262939573e-03
1.796360799408511510e-01 -1.413734785068870847e-03
1.895657899197980834e-01 -6.147481238035351625e-04
1.996963201089252959e-01 1.911815283321613435e-04
2.100212801184600242e-01 9.997525410206167806e-04
2.205341942356071061e-01 1.806656416476551397e-03
2.312285026314471192e-01 2.607589169845984933e-03
2.420975623008288502e-01 3.398263030032558363e-03
2.531346477672404283e-01 4.174418428486155463e-03
2.643329515878387603e-01 4.931836239375125830e-03
2.756855846965085566e-01 5.666350230517237796e-03
2.871855766249684083e-01 6.373859680521357096e-03
2.988258756435161478e-01 7.050342113838606317e-03
3.105993488639816058e-01 7.691866101890196261e-03
3.224987823478311366e-01 8.294604075184799918e-03
3.345168812621326371e-01 8.854845088409321607e-03
3.466462701252562284e-01 9.369007477925891947e-03
3.588794931827721801e-01 9.833651348984194518e-03
3.712090149520431148e-01 1.024549082830260305e-02
3.836272209715240744e-01 1.060140601653107584e-02
3.961264187878388854e-01 1.089845457451175947e-02
4.088007261367827549e-01 1.114626821119663741e-02
4.215844748397396535e-01 1.137964377528534465e-02
4.344235160375796712e-01 1.159939978621345180e-02
4.473093514921017699e-01 1.180398553875464801e-02
4.602334361034460808e-01 1.199194335645820814e-02
4.731871828376393307e-01 1.216191429206576330e-02
4.861619678066964045e-01 1.231264333570652320e-02
4.991491354957677817e-01 1.244298409662442789e-02
5.121400041304017270e-01 1.255190292842689459e-02
5.251258711757076370e-01 1.263848247232654542e-02
5.380980189580819584e-01 1.270192459753104186e-02
5.510477203992055761e-01 1.274155272276792164e-02
5.639662448512472448e-01 1.275681350786496762e-02
5.768448640216200518e-01 1.274727790928521440e-02
5.896748579752383312e-01 1.271264159849387967e-02
6.024475212020123926e-01 1.265272474695383620e-02
6.151541687372887868e-01 1.256747118636409449e-02
6.277861423230906013e-01 1.245694695741890803e-02
6.403348165983224760e-01 1.232133826482989872e-02
6.527916053065666580e-01 1.216094886057771454e-02
6.651479675106863887e-01 1.197619688130161300e-02
6.773954138041695661e-01 1.176761116936179963e-02
6.895255125099376547e-01 1.153582711038704176e-02
7.015298958582311117e-01 1.128158202302304361e-02
7.134002661361034114e-01 1.100571013910129486e-02
7.251284018020115463e-01 1.070913721454014311e-02
7.367061635599431169e-01 1.039287481295194521e-02
7.481255003884704768e-01 1.005801430515981809e-02
7.593784555210063569e-01 9.705720628620694707e-03
7.704571723743888212e-01 9.337225851110107083e-03
7.813539004236728092e-01 8.953822582958594761e-03
7.920610010216742047e-01 8.556857281650467884e-03
8.025709531623672621e-01 8.147723491719292832e-03
8.128763591876674299e-01 7.727855061625113486e-03
8.229699504374345942e-01 7.298719377696324256e-03
8.328445928426986278e-01 6.861810653297009677e-03
8.424932924621365560e-01 6.418643309164730193e-03
8.519092009617115213e-01 5.970745478394790320e-03
8.610856210371455877e-01 5.519652666851383033e-03
8.700160117785035174e-01 5.066901596911086922e-03
8.786939939756726048e-01 4.614024259420567917e-03
8.871133553628995916e-01 4.162542195621786109e-03
8.952680557998435873e-01 3.713961027601547782e-03
9.031522323857908985e-01 3.269765252599100488e-03
9.107602045028327931e-01 2.831413313290736741e-03
9.180864787828879603e-01 2.400332953004940401e-03
9.251257539925100692e-01 1.977916861738562154e-03
9.318729258284870198e-01 1.565518615876866984e-03
9.383230916162926816e-01 1.164448911704306019e-03
9.444715549025561874e-01 7.759720901489861392e-04
9.503138299318668603e-01 4.013029477673993664e-04
9.558456459974513653e-01 4.160382676193438711e-05
9.610629516545717843e-01 -3.020180251426798565e-04
9.659619187849155519e-01 -6.285128358441112797e-04
9.705389464997771221e-01 -9.368904433402812718e-04
9.747906648695048304e-01 -1.226222196999250148e-03
9.787139384664974573e-01 -1.495642639941550858e-03
9.823058697089971369e-01 -1.744350987423067337e-03
9.855638019930375027e-01 -1.971612416387680602e-03
9.884853226001876214e-01 -2.176759181355967035e-03
9.910682653691604838e-01 -2.359191571539594797e-03
9.933107131199426787e-01 -2.518378723529743433e-03
9.952109998198400698e-01 -2.653859303121405312e-03
9.967677124817132528e-01 -2.765242068817446320e-03
9.979796927856838806e-01 -2.852206328330134273e-03
9.988460384167214823e-01 -2.914502297984128496e-03
9.993661041117565258e-01 -2.951951373351946982e-03
9.995395024112760929e-01 -2.964446317742895284e-03
