# NACA 4-digit  m=0.054682 p=0.400 t/c=0.157914  unit chord, x y
1.000537959061194027e+00 2.951372570259325721e-03
1.000372255149350353e+00 3.014357673239421304e-03
9.998752299434354729e-01 3.203176745685602528e-03
9.990471431326206631e-01 3.517421557467948282e-03
9.978884278649396977e-01 3.956413319280829843e-03
9.963996912405962414e-01 4.519205061449231217e-03
9.945817149910498589e-01 5.204584939274283298e-03
9.924354563325585854e-01 6.011080440240065131e-03
9.899620489799062506e-01 6.936963461790598799e-03
9.871628043033306987e-01 7.980256222094981103e-03
9.840392126092064595e-01 9.138737960308871561e-03
9.805929445228631636e-01 1.040995237738656654e-02
9.768258524500866846e-01 1.179121576353822989e-02
9.727399720923571858e-01 1.327962575403415085e-02
9.683375239897620279e-01 1.487207065125605715e-02
9.636209150647919719e-01 1.656523924774558690e-02
9.585927401398877112e-01 1.835563108251809725e-02
9.532557834016655018e-01 2.023956706113586024e-02
9.476130197851836412e-01 2.221320036897542899e-02
9.416676162524356686e-01 2.427252760680369617e-02
9.354229329404243343e-01 2.641340007818636371e-02
9.288825241556677437e-01 2.863153515939896587e-02
9.220501391937891977e-01 3.092252768437199831e-02
9.149297229649020480e-01 3.328186127976232034e-02
9.075254164077773966e-01 3.570491958847565872e-02
8.998415566782356212e-01 3.818699732382645207e-02
8.918826770997920761e-01 4.072331110097575368e-02
8.836535068672366489e-01 4.330900999727826939e-02
8.751589704965182515e-01 4.593918579863814911e-02
8.664041870169670867e-01 4.860888289486004626e-02
8.573944689044572520e-01 5.131310779321074378e-02
8.481353207565847097e-01 5.404683822590615472e-02
8.386324377132025054e-01 5.680503183392926481e-02
8.288917036277272388e-01 5.958263441638121660e-02
8.189191889964307913e-01 6.237458774138975037e-02
8.087211486544561012e-01 6.517583692135285600e-02
7.983040192484786024e-01 6.798133736190123400e-02
7.876744164967998119e-01 7.078606130033138211e-02
7.768391322481480454e-01 7.358500395530150062e-02
7.658051313505993551e-01 7.637318931522410481e-02
7.545795483417934157e-01 7.914567559794383200e-02
7.431696839710385527e-01 8.189756041888700266e-02
7.315830015629581906e-01 8.462398570884667459e-02
7.198271232310934353e-01 8.732014242585420249e-02
7.079098259483351807e-01 8.998127510814596386e-02
6.958390374792677857e-01 9.260268631700503683e-02
6.836228321775188466e-01 9.517974101921719554e-02
6.712694266490457640e-01 9.770787095900304586e-02
6.587871752800329439e-01 1.001825790685555717e-01
6.461845656257577675e-01 1.025994439647307105e-01
6.334702136544795303e-01 1.049541245770095332e-01
6.206528588381670097e-01 1.072423649486006492e-01
6.077413590797757781e-01 1.094599992485098816e-01
5.947446854648588133e-01 1.116029570276159816e-01
5.816719168236212933e-01 1.136672687463083087e-01
5.685322340881461267e-01 1.156490715951339621e-01
5.553349144284800420e-01 1.175446156232355932e-01
5.420893251506213595e-01 1.193502701822252432e-01
5.288049173392254110e-01 1.210625306856219774e-01
5.154912192280641792e-01 1.226780256761767912e-01
5.021578292819764977e-01 1.241935241854240091e-01
4.888144089752217147e-01 1.256059433617359444e-01
4.754706752528085056e-01 1.269123563351266248e-01
4.621363926635073671e-01 1.281100002791630277e-01
4.488213651558518591e-01 1.291962846227033557e-01
4.355354275314551882e-01 1.301687993569027313e-01
4.222884365533892681e-01 1.310253233761096980e-01
4.090902617111454309e-01 1.317638327850213231e-01
3.958340525848995650e-01 1.323793099528026429e-01
3.823830488706648767e-01 1.328225496108972337e-01
3.690086217058464180e-01 1.330771851773149272e-01
3.557221221676634682e-01 1.331434048813770199e-01
3.425348858847307443e-01 1.330218348736485479e-01
3.294582134717023436e-01 1.327135405964315062e-01
3.165033505426971261e-01 1.322200266420676118e-01
3.036814674177725215e-01 1.315432350306690035e-01
2.910036386432813260e-01 1.306855418485626807e-01
2.784808224520077258e-01 1.296497521992777957e-01
2.661238402924563928e-01 1.284390934301766762e-01
2.539433565585009767e-01 1.270572066096793129e-01
2.419498586507474458e-01 1.255081362422997837e-01
2.301536374994350709e-01 1.237963182212487162e-01
2.185647686755182173e-01 1.219265660310044630e-01
2.071930942117817531e-01 1.199040552248752112e-01
1.960482052495347571e-01 1.177343062150226910e-01
1.851394256186963960e-01 1.154231654245739258e-01
1.744757964500516789e-01 1.129767848631920701e-01
1.640660619082528471e-01 1.104016001987068174e-01
1.539186561229254346e-01 1.077043074080353546e-01
1.440416913831654433e-01 1.048918381005692901e-01
1.344429476479536700e-01 1.019713336164113637e-01
1.251298634117428143e-01 9.895011801025363485e-02
1.161095279508628231e-01 9.583567003926796168e-02
1.073886749626194320e-01 9.263559428009635055e-02
9.897367759520030173e-02 8.935759150586698729e-02
9.087054485292250794e-02 8.600942845911455081e-02
8.308491934811090829e-02 8.259890716054757442e-02
7.562207635814875706e-02 7.913383389678996238e-02
6.848692413412876823e-02 7.562198803253962487e-02
6.168400539618370398e-02 7.207109079405171759e-02
5.521749994012134510e-02 6.848877417148835356e-02
4.909122827052493643e-02 6.488255008750586084e-02
4.330865616711149918e-02 6.125977997850052398e-02
3.787290008394156304e-02 5.762764493323294102e-02
3.278673327511419378e-02 5.399311653112968956e-02
2.805259253591449453e-02 5.036292851944954019e-02
2.367258544504260986e-02 4.674354946473022882e-02
1.964849799157009774e-02 4.314115650953283254e-02
1.598180246965121704e-02 3.956161036050552526e-02
1.267366552475754013e-02 3.601043162822656352e-02
9.724956237290353911e-03 3.249277863319261633e-02
7.136254132820014397e-03 2.901342678571766642e-02
4.907857012868681659e-03 2.557674964043770913e-02
3.039788506030352902e-03 2.218670171860360682e-02
1.531805246243995479e-03 1.884680318341679789e-02
3.834035931274313268e-04 1.556012644536086328e-02
-4.061741816554168688e-04 1.232928476582170405e-02
-8.379343080734567503e-04 9.156422918316600712e-03
-9.131265868159545510e-04 6.043209957385391358e-03
-6.332401577751695316e-04 2.990834135674738745e-03
0.000000000000000000e+00 0.000000000000000000e+00
9.759151822179096486e-04 -2.897162980046082050e-03
2.283591832242121318e-03 -5.668830228458056862e-03
3.920600574945492904e-03 -8.315211010492425808e-03
5.884278813382127007e-03 -1.083663720039255984e-02
8.171735033062186085e-03 -1.323356185388852718e-02
1.077985415861823504e-02 -1.550655824388743644e-02
1.370530393001503054e-02 -1.765631934530320288e-02
1.694454225332563124e-02 -1.968365774992980946e-02
2.049382546950342943e-02 -2.158950598738272608e-02
2.434921747364133388e-02 -2.337491722343831499e-02
2.850659960704940779e-02 -2.504106630261448974e-02
3.296168123519525178e-02 -2.658925109756821170e-02
3.771001091625147267e-02 -2.802089412386363568e-02
4.274698805775564714e-02 -2.933754437490045802e-02
4.806787495279876699e-02 -3.054087932830840124e-02
5.366780908228493963e-02 -3.163270707193052700e-02
5.954181556619780880e-02 -3.261496849465114756e-02
6.568481964452060895e-02 -3.348973948479978119e-02
7.209165906750968078e-02 -3.425923307669655193e-02
7.875709627543994729e-02 -3.492580148412229024e-02
8.567583024972401373e-02 -3.549193795811887708e-02
9.284250792044718148e-02 -3.596027840557489141e-02
1.002517350198355445e-01 -3.633360270455406049e-02
1.078980862769416404e-01 -3.661483565229956688e-02
1.157761148558422160e-01 -3.680704748232414836e-02
1.238803609478287965e-01 -3.691345388799353866e-02
1.322053594373496510e-01 -3.693741549155659526e-02
1.407456465717428218e-01 -3.688243669968702121e-02
1.494957655759694415e-01 -3.675216388930280242e-02
1.584502711654987572e-01 -3.655038287073635733e-02
1.676037329230805339e-01 -3.628101557925494935e-02
1.769507375182163278e-01 -3.594811595048871822e-02
1.864858897615634947e-01 -3.555586494051738572e-02
1.962038125001108191e-01 -3.510856465719470326e-02
2.060991453725829481e-01 -3.461063157574317123e-02
2.161665424579921058e-01 -3.406658881871706124e-02
2.264006688633853071e-01 -3.348105748807520682e-02
2.367961963094545874e-01 -3.285874704530098583e-02
2.473477977846160192e-01 -3.220444474419505154e-02
2.580501413492524709e-01 -3.152300413009666291e-02
2.688978831818904514e-01 -3.081933262878274599e-02
2.798856599679968582e-01 -3.009837825806895018e-02
2.910080807396970282e-01 -2.936511550509545571e-02
3.022597182809182992e-01 -2.862453042230909267e-02
3.136351002171376412e-01 -2.788160500514134943e-02
3.251286999120024945e-01 -2.714130092418658158e-02
3.367349272945265870e-01 -2.640854269418094896e-02
3.484481197403218045e-01 -2.568820037111778365e-02
3.602625331284137755e-01 -2.498507187726738826e-02
3.721723331916326205e-01 -2.430386506155413767e-02
3.841715872734295933e-01 -2.364917960953165366e-02
3.962542565973410369e-01 -2.302548892296044092e-02
4.086742127967068483e-01 -2.242328269419099906e-02
4.212770984063797797e-01 -2.180495116475464346e-02
4.339383802484931274e-01 -2.117085134386989531e-02
4.466501715764945035e-01 -2.052401535970391211e-02
4.594045116086475922e-01 -1.986739512344958686e-02
4.721933685042475348e-01 -1.920385090643945275e-02
4.850086427169049696e-01 -1.853614064940054679e-02
4.978421707180234468e-01 -1.786691007868917297e-02
5.106857290798089144e-01 -1.719868369596895541e-02
5.235310389037181045e-01 -1.653385669884934600e-02
5.363697705772234592e-01 -1.587468788057917052e-02
5.491935488391732623e-01 -1.522329354711029342e-02
5.619939581319052246e-01 -1.458164247981708073e-02
5.747625482166094368e-01 -1.395155196199677344e-02
5.874908400272884634e-01 -1.333468487709510431e-02
6.001703317379833980e-01 -1.273254787652374626e-02
6.127925050177382982e-01 -1.214649060506065720e-02
6.253488314480412091e-01 -1.157770596227076371e-02
6.378307790781646558e-01 -1.102723136924792235e-02
6.502298190949145074e-01 -1.049595100135707060e-02
6.625374325847250834e-01 -9.984598939638301973e-03
6.747451173677811997e-01 -9.493763186197698434e-03
6.868443948858218295e-01 -9.023890482325991336e-03
6.988268171274649720e-01 -8.575291862311998359e-03
7.106839735772013666e-01 -8.148148871005574112e-03
7.224074981765885584e-01 -7.742520369164562766e-03
7.339890762885695752e-01 -7.358349847525244569e-03
7.454204516582063622e-01 -6.995473168373712858e-03
7.566934333653494438e-01 -6.653626652169515598e-03
7.677999027668787058e-01 -6.332455426477770488e-03
7.787318204280327949e-01 -6.031521955072748076e-03
7.894812330439943127e-01 -5.750314666563484389e-03
8.000402803542643326e-01 -5.488256604212708029e-03
8.104012020534064886e-01 -5.244714021726510494e-03
8.205563447024561974e-01 -5.019004853628175611e-03
8.304981686456552881e-01 -4.810406993324380792e-03
8.402192549371692021e-01 -4.618166317064291426e-03
8.497123122820902097e-01 -4.441504397589026570e-03
8.589701839953204354e-01 -4.279625857309649062e-03
8.679858549808757706e-01 -4.131725317233991834e-03
8.767524587327943930e-01 -3.996993904511938339e-03
8.852632843571786037e-01 -3.874625288293642028e-03
8.935117836129993218e-01 -3.763821220510273763e-03
9.014915779671700546e-01 -3.663796565104848746e-03
9.091964656571134284e-01 -3.573783806082289974e-03
9.166204287516348526e-01 -3.493037031427014688e-03
9.237576401984244345e-01 -3.420835396381875781e-03
9.306024708440140403e-01 -3.356486075721497320e-03
9.371494964095296032e-01 -3.299326720413473663e-03
9.433935044031841466e-01 -3.248727439395625652e-03
9.493295009481947933e-01 -3.204092332036142035e-03
9.549527175027130443e-01 -3.164860601154249019e-03
9.602586174464947666e-01 -3.130507280211737749e-03
9.652429025074396041e-01 -3.100543611414654892e-03
9.699015189998211328e-01 -3.074517113964204962e-03
9.742306638450669576e-01 -3.052011383545762298e-03
9.782267903453298885e-01 -3.032645665346637640e-03
9.818866136798617417e-01 -3.016074243433115344e-03
9.852071160943458583e-01 -3.001985689213953687e-03
9.881855517538994382e-01 -2.990102010977785212e-03
9.908194512313959201e-01 -2.980177745143910636e-03
9.931066256040879114e-01 -2.971999027928591205e-03
9.950451701332142518e-01 -2.965382683650221850e-03
9.966334675033335921e-01 -2.960175362904380811e-03
9.978701906005074118e-01 -2.956252760390703019e-03
9.987543048111382493e-01 -2.953518938310002642e-03
9.992850698262066844e-01 -2.951905777036728691e-03
9.994620409388059734e-01 -2.951372570259325721e-03
