# NACA 4-digit  m=0.031334 p=0.400 t/c=0.025001  unit chord, x y
1.000311641743603541e+00 2.983769331507330532e-03
1.000140701581401448e+00 3.006319988879474752e-03
9.996279958800418086e-01 3.073919125574077222e-03
9.987738689315677210e-01 3.186408397651114676e-03
9.975788943436164624e-01 3.343524438787127788e-03
9.960438747203717025e-01 3.544899667700499718e-03
9.941698412151127595e-01 3.790063412694683748e-03
9.919580529535987345e-01 4.078443347526193759e-03
9.894099963273382814e-01 4.409367231234724051e-03
9.865273841556244649e-01 4.782064943065264702e-03
9.833121547150802666e-01 5.195670802178754301e-03
9.797664706353398367e-01 5.649226160503487484e-03
9.758927176594174302e-01 6.141682255830368045e-03
9.716935032672645578e-01 6.671903311116488336e-03
9.671716551610124446e-01 7.238669864937027042e-03
9.623302196104183137e-01 7.840682317127468243e-03
9.571724596571067334e-01 8.476564672889052438e-03
9.517018531762987399e-01 9.144868467998388747e-03
9.459220907948643342e-01 9.844076857268449152e-03
9.398370736647086998e-01 1.057260884805702808e-02
9.334509110907217577e-01 1.132882366040892895e-02
9.267679180127529337e-01 1.211102519535138880e-02
9.197926123413510124e-01 1.291746659293362132e-02
9.125297121473032735e-01 1.374635486180956871e-02
9.049841327053176343e-01 1.459585556250200464e-02
8.971609833925265898e-01 1.546409752694981321e-02
8.890655644428331339e-01 1.634917759752057415e-02
8.807033635584591291e-01 1.724916536936030309e-02
8.720800523804136395e-01 1.816210792073880836e-02
8.632014828199340295e-01 1.908603451692452574e-02
8.540736832532879186e-01 2.001896127407331097e-02
8.447028545826474888e-01 2.095889577062928430e-02
8.350953661660436289e-01 2.190384159480032386e-02
8.252577516196882845e-01 2.285180281777119890e-02
8.151967044962012965e-01 2.380078838344164283e-02
8.049190738425047176e-01 2.474881640660810123e-02
7.944318596413306732e-01 2.569391837263648032e-02
7.837422081404450402e-01 2.663414323278131407e-02
7.728574070738077895e-01 2.756756139038354925e-02
7.617848807789709964e-01 2.849226857421060383e-02
7.505321852150574902e-01 2.940638959617745615e-02
7.391070028856779883e-01 3.030808199159249969e-02
7.275171376711072613e-01 3.119553954090038134e-02
7.157705095739897994e-01 3.206699567263191636e-02
7.038751493827541950e-01 3.292072674791480386e-02
6.918391932567921065e-01 3.375505522743878911e-02
6.796708772373339924e-01 3.456835272220019212e-02
6.673785316877801632e-01 3.535904292967122914e-02
6.549705756670897161e-01 3.612560445724418562e-02
6.424555112396419521e-01 3.686657353489146416e-02
6.298419177248086864e-01 3.758054661895826598e-02
6.171384458892902325e-01 3.826618288886957098e-02
6.043538120851044138e-01 3.892220663828985933e-02
5.914967923359476520e-01 3.954740956192892565e-02
5.785762163745166164e-01 4.014065293874728713e-02
5.656009616332512424e-01 4.070086971178824009e-02
5.525799471908763305e-01 4.122706646426022026e-02
5.395221276770512109e-01 4.171832529082452473e-02
5.264364871374158650e-01 4.217380556232027539e-02
5.133320328613321104e-01 4.259274558139493350e-02
5.002177891746640848e-01 4.297446412571756524e-02
4.871027912000400750e-01 4.331836187464744442e-02
4.739960785871588644e-01 4.362392271442805392e-02
4.609066892158834028e-01 4.389071491618939252e-02
4.478436528750679435e-01 4.411839218028555665e-02
4.348159849203150906e-01 4.430669453978465511e-02
4.218326799141376426e-01 4.445544911527679610e-02
4.089027052523129258e-01 4.456457071258999869e-02
3.960235450371966115e-01 4.463234690045495001e-02
3.831898493289504493e-01 4.463336014367453447e-02
3.704361767467322375e-01 4.455979451230147881e-02
3.577714509282597932e-01 4.441266461503919072e-02
3.452045383502618248e-01 4.419316507617713358e-02
3.327442413618996730e-01 4.390266730707984705e-02
3.203992912157740958e-01 4.354271579744090070e-02
3.081783411075969537e-01 4.311502392538059392e-02
2.960899592363526178e-01 4.262146928687430419e-02
2.841426218974366646e-01 4.206408854653749529e-02
2.723447066218259160e-01 4.144507181345340185e-02
2.607044853747955138e-01 4.076675654750370331e-02
2.492301178280399709e-01 4.003162100353781228e-02
2.379296447192680852e-01 3.924227722268078949e-02
2.268109813134272512e-01 3.840146358211979360e-02
2.158819109796540903e-01 3.751203691680760066e-02
2.051500788978505851e-01 3.657696422866289071e-02
1.946229859084493974e-01 3.559931400101457727e-02
1.843079825184539278e-01 3.458224713821141799e-02
1.742122630762254765e-01 3.352900755248146292e-02
1.643428601267509226e-01 3.244291242225953720e-02
1.547066389582617829e-01 3.132734214828617608e-02
1.453102923501019550e-01 3.018573003580031500e-02
1.361603355306714447e-01 2.902155173308160196e-02
1.272631013531147215e-01 2.783831445843090030e-02
1.186247356951938836e-01 2.663954604939068604e-02
1.102511930885014674e-01 2.542878386958675324e-02
1.021482325808460434e-01 2.420956361000341228e-02
9.432141383429383519e-02 2.298540802277286577e-02
8.677609346000138280e-02 2.175981562665402214e-02
7.951742158963515106e-02 2.053624942428567898e-02
7.255033868186318291e-02 1.931812567201392217e-02
6.587957256114354565e-02 1.810880274360728709e-02
5.950963568483270266e-02 1.691157012947770363e-02
5.344482263351625628e-02 1.572963761311737402e-02
4.768920781843345724e-02 1.456612466633715880e-02
4.224664339894166482e-02 1.342405010454940199e-02
3.712075740215834557e-02 1.230632204277783831e-02
3.231495203623465512e-02 1.121572819229973983e-02
2.783240218816469130e-02 1.015492653683412738e-02
2.367605409662627489e-02 9.126436425988919410e-03
1.984862419008276424e-02 8.132630122274400741e-03
1.635259808025875394e-02 7.175724836388140682e-03
1.319022970112852626e-02 6.257775283683989637e-03
1.036354058373188322e-02 5.380666792766214748e-03
7.874319257446828896e-03 4.546108995008092506e-03
5.724120768798216137e-03 3.755630121493426683e-03
3.914266309464642726e-03 3.010571931434057567e-03
2.445842945842826091e-03 2.312085293535807821e-03
1.319703443340105708e-03 1.661126439087388376e-03
5.364661794702420359e-04 1.058453902742542176e-03
9.651514081830414062e-05 5.046261640726265683e-04
0.000000000000000000e+00 0.000000000000000000e+00
2.461598836244359629e-04 -4.509512858731245968e-04
8.339990659559247312e-04 -8.439290982210773118e-04
1.762962823531930446e-03 -1.179100287179638560e-03
3.032261685883884048e-03 -1.456777427080039114e-03
4.640872316724975119e-03 -1.677417982041037306e-03
6.587538636064013513e-03 -1.841623199271872789e-03
8.870773178598554548e-03 -1.950136729564212962e-03
1.148885868246242795e-02 -2.003842974178499624e-03
1.443984990119491670e-02 -2.003765157097360528e-03
1.772157563067293384e-02 -1.951063121434551059e-03
2.133164094172418368e-02 -1.847030848660399273e-03
2.526742960822019393e-02 -1.693093699241057966e-03
2.952610671965687911e-02 -1.490805373296128812e-03
3.410462146656360188e-02 -1.241844589963708723e-03
3.899971008655491594e-02 -9.480114843293989749e-04
4.420789895845746859e-02 -6.112237210310258323e-04
4.972550783170591460e-02 -2.335123239982700091e-04
5.554865317811584491e-02 1.829827777708459280e-04
6.167325165320191455e-02 6.360174879539368109e-04
6.809502365441774674e-02 1.123248563086093679e-03
7.480949696404452787e-02 1.642238913357010541e-03
8.181201046494079865e-02 2.190463181361696626e-03
8.909771791798291873e-02 2.765313595206242078e-03
9.666159179075871355e-02 3.364106091338404242e-03
1.044984271279186805e-01 3.984086701350099055e-03
1.126028454545276308e-01 4.622438195790555190e-03
1.209692987047751855e-01 5.276286976740535498e-03
1.295920731694909234e-01 5.942710209538251687e-03
1.384652934570408112e-01 6.618743182623676446e-03
1.475829264633504723e-01 7.301386882990749949e-03
1.569387853479841943e-01 7.987615773216827364e-03
1.665265335143908398e-01 8.674385754487607542e-03
1.763396885935908653e-01 9.358642298466605947e-03
1.863716264317085702e-01 1.003732872928499338e-02
1.966155850828299467e-01 1.070739463536450435e-02
2.070646688096762777e-01 1.136580438924854851e-02
2.177118520955129699e-01 1.200954575212078400e-02
2.285499836715455535e-01 1.263563853825132484e-02
2.395717905647830048e-01 1.324114331324621925e-02
2.507698821719598903e-01 1.382317009870100664e-02
2.621367543655959143e-01 1.437888705469134339e-02
2.736647936386273350e-01 1.490552911048760761e-02
2.853462812942680893e-01 1.540040651297265931e-02
2.971733976878470074e-01 1.586091326148654501e-02
3.091382265273132091e-01 1.628453539723167739e-02
3.212327592389255249e-01 1.666885911496127776e-02
3.334488994043292576e-01 1.701157866445181244e-02
3.457784672747907240e-01 1.731050400923675459e-02
3.582132043678174504e-01 1.756356821026322165e-02
3.707447781507468010e-01 1.776883450252804766e-02
3.833647868151440208e-01 1.792450303336270284e-02
3.960647641450439904e-01 1.802891723186518524e-02
4.088617692555393535e-01 1.808908898664425904e-02
4.217328550456314051e-01 1.812934698341981885e-02
4.346578228596332250e-01 1.815064939209024703e-02
4.476278838572784191e-01 1.815233328699488585e-02
4.606342150562715565e-01 1.813380702695925606e-02
4.736679651698971760e-01 1.809455263836815334e-02
4.867202604920866094e-01 1.803412791646978597e-02
4.997822108253357487e-01 1.795216823237080761e-02
5.128449154465409832e-01 1.784838803497344056e-02
5.258994691055276505e-01 1.772258203897717627e-02
5.389369680507936078e-01 1.757462609200500375e-02
5.519485160767769738e-01 1.740447771589780437e-02
5.649252305868001089e-01 1.721217631923394747e-02
5.778582486657141137e-01 1.699784308015482581e-02
5.907387331561996247e-01 1.676168050059500050e-02
6.035578787326547623e-01 1.650397163500647024e-02
6.163069179666150754e-01 1.622507899861715119e-02
6.289771273777120530e-01 1.592544316215331254e-02
6.415598334642804712e-01 1.560558104177060985e-02
6.540464187078577352e-01 1.526608389466296845e-02
6.664283275459906841e-01 1.490761503243798192e-02
6.786970723079660539e-01 1.453090726585026977e-02
6.908442391082975087e-01 1.413676009585827266e-02
7.028614936930459578e-01 1.372603666720525507e-02
7.147405872343050026e-01 1.329966050181374641e-02
7.264733620684394877e-01 1.285861203021813719e-02
7.380517573739301396e-01 1.240392494003641696e-02
7.494678147849422878e-01 1.193668236109681272e-02
7.607136839369778025e-01 1.145801290728700426e-02
7.717816279412189617e-01 1.096908659548137717e-02
7.826640287843875665e-01 1.047111066202922880e-02
7.933533926511422418e-01 9.965325297256105719e-03
8.038423551662157163e-01 9.452999318246481375e-03
8.141236865536359835e-01 8.935425799846860931e-03
8.241902967104951516e-01 8.413917683359726368e-03
8.340352401928141646e-01 7.889803381802076854e-03
8.436517211111064229e-01 7.364422399885325182e-03
8.530330979332595431e-01 6.839120986050929892e-03
8.621728881923534926e-01 6.315247832975498000e-03
8.710647730969803826e-01 5.794149841958794525e-03
8.797026020415719127e-01 5.277167965536293422e-03
8.880803970141375459e-01 4.765633141532056929e-03
8.961923568987083533e-01 4.260862330599465148e-03
9.040328616696298170e-01 3.764154668102546834e-03
9.115964764747122029e-01 3.276787739981053618e-03
9.188779556040730379e-01 2.800013991033789389e-03
9.258722463413392445e-01 2.335057272859135218e-03
9.325744926937166168e-01 1.883109537520830795e-03
9.389800389972565720e-01 1.445327681876084833e-03
9.450844333935034536e-01 1.022830546418364295e-03
9.508834311735615552e-01 6.166960714636179203e-04
9.563729979854940222e-01 2.279586125517900005e-04
9.615493129008684248e-01 -1.423935839442950352e-04
9.664087713361891874e-01 -4.934207448083613098e-04
9.709479878249137608e-01 -8.242337740827720104e-04
9.751637986357362120e-01 -1.133996298413327431e-03
9.790532642328532154e-01 -1.421926555287861271e-03
9.826136715739879346e-01 -1.687299126242279611e-03
9.858425362420520921e-01 -1.929446517433152991e-03
9.887376044064674074e-01 -2.147760590205119446e-03
9.912968546103557710e-01 -2.341693844415985645e-03
9.935184993800250108e-01 -2.510760557326220666e-03
9.954009866534387907e-01 -2.654537780817707582e-03
9.969430010246568274e-01 -2.772666199584751523e-03
9.981434648015603539e-01 -2.864850852744863386e-03
9.990015388745319136e-01 -2.930861721056047652e-03
9.995166233941557010e-01 -2.970534181610305722e-03
9.996883582563964588e-01 -2.983769331507330532e-03
