# NACA 4-digit  m=0.035391 p=0.400 t/c=0.027591  unit chord, x y
1.000351473751415643e+00 2.979339893678756550e-03
1.000180647631789377e+00 3.004736946991910275e-03
9.996682833845317306e-01 3.080868717054474452e-03
9.988147232848798573e-01 3.207557215677735423e-03
9.976205375926495700e-01 3.384506399757932285e-03
9.960865242533353259e-01 3.611303073847207164e-03
9.942137084785905854e-01 3.887418147291994263e-03
9.920033422050611449e-01 4.212208239542158950e-03
9.894569034302812538e-01 4.584917625500088342e-03
9.865760954241113989e-01 5.004680511112287976e-03
9.833628458139993533e-01 5.470523627820357906e-03
9.798193055421773323e-01 5.981369132999651492e-03
9.759478476927861967e-01 6.536037802129180535e-03
9.717510661868359323e-01 7.133252497172445222e-03
9.672317743428725523e-01 7.771641894509465770e-03
9.623930033012313423e-01 8.449744454759447465e-03
9.572380003098147627e-01 9.166012615973467836e-03
9.517702268694351320e-01 9.918817190966785699e-03
9.459933567369126495e-01 1.070645194900210137e-02
9.399112737843126064e-01 1.152713836163308386e-02
9.335280697129475502e-01 1.237903049227081012e-02
9.268480416210356232e-01 1.326022000894602933e-02
9.198756894242234861e-01 1.416874129980277841e-02
9.126157131285227431e-01 1.510257667107182955e-02
9.050730099555671648e-01 1.605966160763012615e-02
8.972526713204889148e-01 1.703789007674742090e-02
8.891599796631088903e-01 1.803511985624570851e-02
8.808004051335402984e-01 1.904917786904261265e-02
8.721796021337129279e-01 2.007786550690323496e-02
8.633034057167320308e-01 2.111896392717727694e-02
8.541778278463668661e-01 2.217023930733471454e-02
8.448090535193510942e-01 2.322944804322045476e-02
8.352034367535187132e-01 2.429434187811351648e-02
8.253674964451288565e-01 2.536267295088189683e-02
8.153079120990199824e-01 2.643219875275848105e-02
8.050315194354953352e-01 2.750068698350668916e-02
7.945453058780482802e-01 2.856592029898635116e-02
7.838564059262156380e-01 2.962570094335140181e-02
7.729720964179719322e-01 3.067785526029858864e-02
7.618997916861639519e-01 3.172023807892591918e-02
7.506470386135175588e-01 3.275073697083791258e-02
7.392215115907525558e-01 3.376727637613727295e-02
7.276310073822823687e-01 3.476782159686141183e-02
7.158834399038948026e-01 3.575038265724251457e-02
7.039868349166844563e-01 3.671301803088664051e-02
6.919493246413450649e-01 3.765383823557033605e-02
6.797791422967561781e-01 3.857100929683701662e-02
6.674846165665815345e-01 3.946275608193725720e-02
6.550741659973818853e-01 4.032736550589131191e-02
6.425562933315105418e-01 4.116318961156091583e-02
6.299395797778263306e-01 4.196864852559974157e-02
6.172326792230222736e-01 4.274223329201078808e-02
6.044443123861564793e-01 4.348250858477959585e-02
5.915832609187583468e-01 4.418811530067969645e-02
5.786583614527085473e-01 4.485777303286975909e-02
5.656784995979357022e-01 4.549028242532950767e-02
5.526526038918599948e-01 4.608452740752420895e-02
5.395896397024301239e-01 4.663947730795843516e-02
5.264986030865753674e-01 4.715418884449104620e-02
5.133885146058997373e-01 4.762780798845005908e-02
5.002684131015100455e-01 4.805957169872338008e-02
4.871473494299896623e-01 4.844880952112457645e-02
4.740343801626850095e-01 4.879494504745859884e-02
4.609385612506947671e-01 4.909749722785758386e-02
4.478689416582149474e-01 4.935608152913610602e-02
4.348345569672050770e-01 4.957041093114773062e-02
4.218444229566942205e-01 4.974029675242346016e-02
4.089075291604410411e-01 4.986564929575515448e-02
3.960186797083513066e-01 4.994453741200095831e-02
3.831691680664354727e-01 4.994820742748787984e-02
3.703996398401596113e-01 4.986782068991539585e-02
3.577190771062546681e-01 4.970453011736097881e-02
3.451364057138663899e-01 4.945969236633106225e-02
3.326604880296327726e-01 4.913486413852798801e-02
3.203001156695480800e-01 4.873179793801046822e-02
3.080640022308711590e-01 4.825243727813689765e-02
2.959607760382540476e-01 4.769891133937528838e-02
2.839989729190682266e-01 4.707352908090142729e-02
2.721870290235820500e-01 4.637877281087626063e-02
2.605332737061840098e-01 4.561729122238455947e-02
2.490459224842297148e-01 4.479189190421233729e-02
2.377330700913097006e-01 4.390553333792607260e-02
2.266026836417945889e-01 4.296131639507506927e-02
2.156625959233874901e-01 4.196247535074906776e-02
2.049204988341181144e-01 4.091236843216784075e-02
1.943839369797415173e-01 3.981446792343756869e-02
1.840603014468603915e-01 3.867234985005906650e-02
1.739568237662799111e-01 3.748968326919403793e-02
1.640805700801416522e-01 3.627021919406774736e-02
1.544384355252724217e-01 3.501777918318781796e-02
1.450371388439429809e-01 3.373624362727029730e-02
1.358832172318757414e-01 3.242953976886568668e-02
1.269830214318856121e-01 3.110162949165148905e-02
1.183427110800023274e-01 2.975649691818620449e-02
1.099682503093277891e-01 2.839813585658725742e-02
1.018654036152479986e-01 2.703053713808688946e-02
9.403973198396382849e-02 2.565767588872244764e-02
8.649658928465585317e-02 2.428349877951983468e-02
7.924111892397249501e-02 2.291191130042032759e-02
7.227825075994705195e-02 2.154676510387344701e-02
6.561269827093506313e-02 2.019184546446553541e-02
5.924895597372909634e-02 1.885085890117001867e-02
5.319129708367926340e-02 1.752742100878733333e-02
4.744377140843530904e-02 1.622504454488885375e-02
4.201020346584764115e-02 1.494712781808919116e-02
3.689419081563354019e-02 1.369694342274663940e-02
3.209910259363973895e-02 1.247762736423510890e-02
2.762807823692398426e-02 1.129216861774638703e-02
2.348402638744314860e-02 1.014339916217547877e-02
1.966962396187618700e-02 9.033984529019798565e-03
1.618731537503216231e-02 7.966414904394907709e-03
1.303931190439083787e-02 6.942996820242066866e-03
1.022759118360032360e-02 5.965845468589307983e-03
7.753896813202654226e-03 5.036877670337131657e-03
5.619738077466419554e-03 4.157805527484606870e-03
3.826389756973714099e-03 3.330130785006934612e-03
2.374892027513987158e-03 2.555139925751148591e-03
1.266050436878491184e-03 1.833900018751470282e-03
5.004359523017333760e-04 1.167255338291009210e-03
7.838507255085249456e-05 5.558247678702053643e-04
0.000000000000000000e+00 0.000000000000000000e+00
2.642899518918875954e-04 -4.951995192318982405e-04
8.700292931244333911e-04 -9.249516750231020048e-04
1.816615829993544970e-03 -1.289456206490618029e-03
3.103212604212722981e-03 -1.589078076976200866e-03
4.728748869215903747e-03 -1.824346470887280251e-03
6.691921327395810096e-03 -1.995953475881823494e-03
8.991195622842729218e-03 -2.104752450309243118e-03
1.162480808259398757e-02 -2.151756075620033133e-03
1.459076769793260508e-02 -2.138134093295366092e-03
1.788685833589952548e-02 -2.065210725732330183e-03
2.151064116993076092e-02 -1.934461780458670947e-03
2.545945731740332021e-02 -1.747511437049295395e-03
2.973043067089758615e-02 -1.506128716182449957e-03
3.432047090915851806e-02 -1.212223630412244228e-03
3.922627667307972132e-02 -8.678430164519917653e-04
4.444433889155149225e-02 -4.751660490642283310e-04
4.997094424170406279e-02 -3.649943704307420655e-05
5.580217872795283779e-02 4.457276977438123094e-04
6.193393136430552087e-02 9.689692567100820914e-04
6.836189794462622926e-02 1.530567914085656164e-03
7.508158488596065883e-02 2.127761176643986479e-03
8.208831313060345469e-02 2.757687749764510879e-03
8.937722209332844836e-02 3.417394205006550612e-03
9.694327364108872025e-02 4.103841943308754459e-03
1.047812560935167253e-01 4.813914446773035968e-03
1.128857882337013091e-01 5.544424810749059088e-03
1.212513233199667417e-01 6.292123546607981260e-03
1.298721530907200328e-01 7.053706644191316474e-03
1.387424117558365144e-01 7.825823881447672645e-03
1.478560799695094463e-01 8.605087367237453100e-03
1.572069887809735556e-01 9.388080301702834626e-03
1.667888235610001102e-01 1.017136593697852941e-02
1.765951279035364307e-01 1.095149671937109201e-02
1.866193075033021065e-01 1.172502359247407956e-02
1.968546340115378268e-01 1.248850543902788740e-02
2.072942488734087485e-01 1.323851863769200110e-02
2.179311671517795701e-01 1.397166670929057830e-02
2.287582813431782158e-01 1.468459002553576184e-02
2.397683651927413895e-01 1.537397555174544600e-02
2.509540775157701464e-01 1.603656659367051762e-02
2.623079660342074182e-01 1.666917251724941290e-02
2.738224712368712011e-01 1.726867840893191869e-02
2.854899302726365273e-01 1.783205464317870470e-02
2.973025808859455776e-01 1.835636632286394634e-02
3.092525654040390037e-01 1.883878255760110601e-02
3.213319347851515406e-01 1.927658554449387940e-02
3.335326527365961580e-01 1.966717941549678966e-02
3.458465999111861588e-01 2.000809881546583568e-02
3.582655781898225755e-01 2.029701717510103143e-02
3.707813150573194272e-01 2.053175464333444056e-02
3.833854680776589974e-01 2.071028564430962143e-02
3.960696294738892953e-01 2.083074602493096075e-02
4.088569453474112381e-01 2.090104500856852440e-02
4.217211120030748273e-01 2.094861679030807222e-02
4.346392508127432386e-01 2.097454663884106701e-02
4.476025950741314152e-01 2.097809231490763149e-02
4.606023430214601921e-01 2.095859214973166615e-02
4.736296635943710309e-01 2.091546770714775363e-02
4.866757022621370221e-01 2.084822613009369024e-02
4.997315868984898990e-01 2.075646215746731679e-02
5.127884337019733563e-01 2.063985979933598974e-02
5.258373531563681480e-01 2.049819366056642930e-02
5.388694560254146948e-01 2.033132990509740542e-02
5.518758593757933095e-01 2.013922685528386769e-02
5.648476926221156491e-01 1.992193522298229408e-02
5.777761035875221829e-01 1.967959797129970739e-02
5.906522645733889298e-01 1.941244980817640603e-02
6.034673784316026968e-01 1.912081631519024078e-02
6.162126846328830343e-01 1.880511271714414845e-02
6.288794653246944089e-01 1.846584230010484343e-02
6.414590513724118814e-01 1.810359448758480649e-02
6.539428283775655659e-01 1.771904258648281799e-02
6.663222426671893128e-01 1.731294121620566978e-02
6.785888072485438682e-01 1.688612343607092184e-02
6.907341077237445504e-01 1.643949758762515423e-02
7.027498081591156964e-01 1.597404386989257144e-02
7.146276569043999993e-01 1.549081066678597435e-02
7.263594923572643802e-01 1.499091064695974411e-02
7.379372486688555721e-01 1.447551665725482946e-02
7.493529613864822192e-01 1.394585743157722608e-02
7.605987730297848470e-01 1.340321313756188439e-02
7.716669385970548189e-01 1.284891078370258358e-02
7.825498309986169687e-01 1.228431950977890152e-02
7.932399464144246348e-01 1.171084578338696391e-02
8.037299095732250986e-01 1.112992852518603602e-02
8.140124789508172976e-01 1.054303418511818788e-02
8.240805518850545797e-01 9.951651791348603560e-03
8.339271696053390803e-01 9.357287993022961325e-03
8.435455221744028176e-01 8.761462117154436569e-03
8.529289533401805956e-01 8.165701259052035935e-03
8.620709652955554914e-01 7.571535424693099162e-03
8.709652233436810942e-01 6.980492742345569164e-03
8.796055604664907435e-01 6.394094759569805830e-03
8.879859817938617894e-01 5.813851840493830005e-03
8.961006689707460282e-01 5.241258676973442089e-03
9.039439844193802864e-01 4.677789925936514000e-03
9.115104754934927334e-01 4.124895983882271612e-03
9.187948785212005642e-01 3.583998908178380287e-03
9.257921227330565550e-01 3.056488493484806404e-03
9.324973340714908243e-01 2.543718510345998468e-03
9.389058388776526654e-01 2.047003111748963745e-03
9.450131674514551383e-01 1.567613412250776737e-03
9.508150574804251631e-01 1.106774243151417009e-03
9.563074573327859929e-01 6.656610861325235398e-04
9.614865292100553962e-01 2.453971868109526208e-04
9.663486521543290797e-01 -1.529491512268638109e-04
9.708904249053423863e-01 -5.283670921299578153e-04
9.751086686023674455e-01 -8.799056141331881506e-04
9.790004293260157198e-01 -1.206675678041926360e-03
9.825629804750688479e-01 -1.507852219816738660e-03
9.857938249735651581e-01 -1.782675969595361740e-03
9.886906973035244350e-01 -2.030455099756738047e-03
9.912515653588933606e-01 -2.250566704797329724e-03
9.934746321165471850e-01 -2.442458115857231143e-03
9.953583371204751673e-01 -2.605648052708426938e-03
9.969013577756237199e-01 -2.739727615906096050e-03
9.981026104482482175e-01 -2.844361121612896514e-03
9.989612513700419916e-01 -2.919286781344801462e-03
9.994766773437677720e-01 -2.964317228565123592e-03
9.996485262485842460e-01 -2.979339893678756550e-03
