# NACA 4-digit  m=0.047596 p=0.400 t/c=0.078062  unit chord, x y
1.000470077058936091e+00 2.962942381934207444e-03
1.000301065580879500e+00 3.005633317628527389e-03
9.997941353658114094e-01 3.133610223647101053e-03
9.989495990694480243e-01 3.346585713065425727e-03
9.977679777786464532e-01 3.644081859872178204e-03
9.962500009999319950e-01 4.025431770165275626e-03
9.943966066385364622e-01 4.489781767702735564e-03
9.922089409631461576e-01 5.036094179846050886e-03
9.896883585503163383e-01 5.663150706176935112e-03
9.868364222013648046e-01 6.369556348481388020e-03
9.836549028235345160e-01 7.153743877409974271e-03
9.801457792663117452e-01 8.013978807979918809e-03
9.763112381030393250e-01 8.948364853202023239e-03
9.721536733473675751e-01 9.954849822533348713e-03
9.676756860936531757e-01 1.103123192958646234e-02
9.628800840701584596e-01 1.217516647160090011e-02
9.577698810938179985e-01 1.338417284160964803e-02
9.523482964154280639e-01 1.465564183303503382e-02
9.466187539443724486e-01 1.598684319562720252e-02
9.405848813424243504e-01 1.737493340122728963e-02
9.342505089767477733e-01 1.881696357779156364e-02
9.276196687229431026e-01 2.030988757045648976e-02
9.206965926098403807e-01 2.185057008914583973e-02
9.134857112987206929e-01 2.343579490331203566e-02
9.059916523907063368e-01 2.506227304585086080e-02
8.982192385572084214e-01 2.672665099000939154e-02
8.901734854895247961e-01 2.842551876520265502e-02
8.818595996649049029e-01 3.015541798003745777e-02
8.732829759276491410e-01 3.191284972348092108e-02
8.644491948850402396e-01 3.369428231797787915e-02
8.553640201190905179e-01 3.549615890137597374e-02
8.460333952162416571e-01 3.731490481772407886e-02
8.364634406182033244e-01 3.914693480032989392e-02
8.266604502980854363e-01 4.098865993385165940e-02
8.166308882668278368e-01 4.283649438561919209e-02
8.063813849156558078e-01 4.468686189978111206e-02
7.959187332008635929e-01 4.653620205122289966e-02
7.852498846776622132e-01 4.838097625944530467e-02
7.743819453900971927e-01 5.021767356569448171e-02
7.633221716241525012e-01 5.204281617955595907e-02
7.520779655311078393e-01 5.385296480392295915e-02
7.406568706280086678e-01 5.564472374968987278e-02
7.290665671817490034e-01 5.741474585367426636e-02
7.173148674827687366e-01 5.915973721510072586e-02
7.054097110137443893e-01 6.087646176746747823e-02
6.933591595179018352e-01 6.256174570373601584e-02
6.811713919707638176e-01 6.421248177352027742e-02
6.688546994582250660e-01 6.582563347129548326e-02
6.564174799629007850e-01 6.739823913458484195e-02
6.438682330597127468e-01 6.892741597062229664e-02
6.312155545206937779e-01 7.041036402912656533e-02
6.184681308280335355e-01 7.184437013757251356e-02
6.056347335934888498e-01 7.322681181372132919e-02
5.927242138814434735e-01 7.455516116819135841e-02
5.797454964321792081e-01 7.582698880754520920e-02
5.667075737813112024e-01 7.703996774576138407e-02
5.536195002708768076e-01 7.819187732908849942e-02
5.404903859472678374e-01 7.928060717618388986e-02
5.273293903410746220e-01 8.030416113215811669e-02
5.141457161239751938e-01 8.126066123172920319e-02
5.009486026380683965e-01 8.214835166318151805e-02
4.877473192935274371e-01 8.296560272127481706e-02
4.745511588311136508e-01 8.371091473371031211e-02
4.613694304469801999e-01 8.438292194228205756e-02
4.482114527782606328e-01 8.498039631647841263e-02
4.350865467491990546e-01 8.550225127409744053e-02
4.220040282790041286e-01 8.594754528045234210e-02
4.089732008541904773e-01 8.631548529501623102e-02
3.959523398973768815e-01 8.660275718335463946e-02
3.828867501753263625e-01 8.676911857147356910e-02
3.698999836618394044e-01 8.680175936373783763e-02
3.570018599394169101e-01 8.670165852356423453e-02
3.442021571394805468e-01 8.647011037100200970e-02
3.315106004650203442e-01 8.610872216450669858e-02
3.189368505453616387e-01 8.561941073719966933e-02
3.064904916692571257e-01 8.500439816190322184e-02
2.941810199456963426e-01 8.426620642356023871e-02
2.820178314444660161e-01 8.340765108242363668e-02
2.700102103705445122e-01 8.243183391658182035e-02
2.581673173278309918e-01 8.134213453791952486e-02
2.464981777284613873e-01 8.014220098143420845e-02
2.350116704040316751e-01 7.883593927387683165e-02
2.237165164744341628e-01 7.742750199389762666e-02
2.126212685287042770e-01 7.592127584218533176e-02
2.017343001703024441e-01 7.432186824642847411e-02
1.910637959766367244e-01 7.263409303223758440e-02
1.806177419194046341e-01 7.086295519738458615e-02
1.704039162885368774e-01 6.901363483278276367e-02
1.604298811582227924e-01 6.709147023949446620e-02
1.507029744287367856e-01 6.510194029666135918e-02
1.412303024726369594e-01 6.305064614056012096e-02
1.320187334084411135e-01 6.094329221995245516e-02
1.230748910191734047e-01 5.878566679748625790e-02
1.144051493272918024e-01 5.658362197108418590e-02
1.060156278315310674e-01 5.434305329299927989e-02
9.791218740520506170e-02 5.206987906750380757e-02
9.010042684957658699e-02 4.977001941098977561e-02
8.258568009010536226e-02 4.744937516058526927e-02
7.537301399778996436e-02 4.511380671922143870e-02
6.846722681249378661e-02 4.276911292641465134e-02
6.187284714015986453e-02 4.042101004485849219e-02
5.559413349122260123e-02 3.807511095324986328e-02
4.963507432337639635e-02 3.573690463561020325e-02
4.399938854820431566e-02 3.341173605671259733e-02
3.869052645804448715e-02 3.110478651209915707e-02
3.371167102691425416e-02 2.882105453958249200e-02
2.906573953734391258e-02 2.656533747708466481e-02
2.475538548361514574e-02 2.434221374919155398e-02
2.078300070116629455e-02 2.215602596190839602e-02
1.715071767181874929e-02 2.001086488181043344e-02
1.386041195499850692e-02 1.791055437211302309e-02
1.091370469625795037e-02 1.585863735415456513e-02
8.311965166136614167e-03 1.385836285842015000e-02
6.056313284706741490e-03 1.191267422455202438e-02
4.147622090001334624e-03 1.002419850481772734e-02
2.586520111889667808e-03 8.195237120266634506e-03
1.373393616796635781e-03 6.427757813316632013e-03
5.083886929225815351e-04 4.723387934808248936e-03
-8.586849750016976174e-06 3.083409097661362567e-03
-1.778617854264360446e-04 1.508753223200065682e-03
0.000000000000000000e+00 0.000000000000000000e+00
5.205368098691761074e-04 -1.427221515538832112e-03
1.379052095176183743e-03 -2.757547647481311138e-03
2.574277573949454619e-03 -3.991194092535559068e-03
4.104711014930074141e-03 -5.128552053239617339e-03
5.968618514299950037e-03 -6.170187009014790371e-03
8.164037314860895025e-03 -7.116837406314236586e-03
1.068877915133864195e-02 -7.969413262577371149e-03
1.354043410005769700e-02 -8.728994676581620926e-03
1.671637490606549259e-02 -9.396830235754691923e-03
2.021376175593318086e-02 -9.974335309087974805e-03
2.402954745998819863e-02 -1.046309021249196974e-02
2.816048300368017426e-02 -1.086483823176862679e-02
3.260312342420642467e-02 -1.118148348686110252e-02
3.735383396545434442e-02 -1.141508861968944938e-02
4.240879646179900736e-02 -1.156787228670664094e-02
4.776401589935464626e-02 -1.164220643632632966e-02
5.341532710193505618e-02 -1.164061335059335921e-02
5.935840148825570484e-02 -1.156576242990473360e-02
6.558875384681200904e-02 -1.142046669925334337e-02
7.210174907540142786e-02 -1.120767901437058796e-02
7.889260883341392416e-02 -1.093048794629886827e-02
8.595641805678598535e-02 -1.059211332333953245e-02
9.328813128787893927e-02 -1.019590141000597736e-02
1.008825787754759618e-01 -9.745319703572452585e-03
1.087344723035596622e-01 -9.243951330053460508e-03
1.168384107114980308e-01 -8.695489022981287702e-03
1.251888850726772529e-01 -8.103728670172730825e-03
1.337802835034322402e-01 -7.472562415791819679e-03
1.426068955792711423e-01 -6.805971307421856270e-03
1.516629163408154679e-01 -6.108017480552948436e-03
1.609424498775091916e-01 -5.382835875863193481e-03
1.704395124829189700e-01 -4.634625487913379693e-03
1.801480353812794644e-01 -3.867640147371648185e-03
1.900618670307578639e-01 -3.086178842618629570e-03
2.001747750146426197e-01 -2.294575590534121690e-03
2.104804475372244188e-01 -1.497188870407346883e-03
2.209724945464627832e-01 -6.983906392126273954e-04
2.316444485105386419e-01 9.744504907918671854e-05
2.424897648800194150e-01 8.859537929710795123e-04
2.535018222715385017e-01 1.662792929949800935e-03
2.646739224125604362e-01 2.423653923738472438e-03
2.759992898899087388e-01 3.164275011490677580e-03
2.874710717472387378e-01 3.880454065728386470e-03
2.990823369785032826e-01 4.568061621590624455e-03
3.108260759656530370e-01 5.223054015943730255e-03
3.226951999093379819e-01 5.841486581166094316e-03
3.346825403012085864e-01 6.419526833019190137e-03
3.467808484855720019e-01 6.953467589007972238e-03
3.589827953566603336e-01 7.439739951076149160e-03
3.712809712356396341e-01 7.874926084422362305e-03
3.836678859687681076e-01 8.255771722715701810e-03
3.961359692848637204e-01 8.579198329067345974e-03
4.087912736536618019e-01 8.854919144798106823e-03
4.215615066807649192e-01 9.118255904806568668e-03
4.343872610307492610e-01 9.369951096321570139e-03
4.472600839540857298e-01 9.608334109338333151e-03
4.601714738251747594e-01 9.831827313422483727e-03
4.731128849259423896e-01 1.003895221629830942e-02
4.860757323985992473e-01 1.022833510837075494e-02
4.990513973619314370e-01 1.039871215575797342e-02
5.120312321838978997e-01 1.054893390898273275e-02
5.250065659018688935e-01 1.067796919931282562e-02
5.379687097805769813e-01 1.078490839980572602e-02
5.509089629967764967e-01 1.086896603334128880e-02
5.638186184387401489e-01 1.092948271526776594e-02
5.766889686080515220e-01 1.096592642367945347e-02
5.895113116107038032e-01 1.097789309573744126e-02
6.022769572242703262e-01 1.096510655377560053e-02
6.149772330278717725e-01 1.092741777015499363e-02
6.276034905818269616e-01 1.086480348488217187e-02
6.401471116442096765e-01 1.077736419484371516e-02
6.525995144120466662e-01 1.066532153808367328e-02
6.649521597755457814e-01 1.052901510081682979e-02
6.771965575745362287e-01 1.036889867879298155e-02
6.893242728471877800e-01 1.018553602816871587e-02
7.013269320620557634e-01 9.979596144175449657e-03
7.131962293255260654e-01 9.751848108569736995e-03
7.249239325577977455e-01 9.503155549098453447e-03
7.365018896315994601e-01 9.234470755989709900e-03
7.479220344688919386e-01 8.946828501786008997e-03
7.591763930917962977e-01 8.641339611666264131e-03
7.702570896249295584e-01 8.319184331759609669e-03
7.811563522471703935e-01 7.981605542847641094e-03
7.918665190916093222e-01 7.629901866295644292e-03
8.023800440930646261e-01 7.265420708064615485e-03
8.126895027830094431e-01 6.889551285261717728e-03
8.227875980320979998e-01 6.503717677909647693e-03
8.326671657406544691e-01 6.109371946491286981e-03
8.423211804775122546e-01 5.707987353383400103e-03
8.517427610674569438e-01 5.301051723577625968e-03
8.609251761272472825e-01 4.890060977126535827e-03
8.698618495497448810e-01 4.476512862600191128e-03
8.785463659351261390e-01 4.061900917526999055e-03
8.869724759674458836e-01 3.647708678370505109e-03
8.951341017340265216e-01 3.235404159101250288e-03
9.030253419842411144e-01 2.826434613904884458e-03
9.106404773232947836e-01 2.422221596063301591e-03
9.179739753355836696e-01 2.024156321598684360e-03
9.250204956311490756e-01 1.633595342917681936e-03
9.317748948076906013e-01 1.251856534470010759e-03
9.382322313195409214e-01 8.802153893824934267e-04
9.443877702439953392e-01 5.199016231679075978e-04
9.502369879344322312e-01 1.720960779764656168e-04
9.557755765487827571e-01 -1.620720815272928134e-04
9.609994484411282789e-01 -4.815278916910498141e-04
9.659047404035484563e-01 -7.852528456576629914e-04
9.704878177448107435e-01 -1.072286895779327003e-03
9.747452781921143172e-01 -1.341730218245761920e-03
9.786739556018813069e-01 -1.592744756402949494e-03
9.822709234655336852e-01 -1.824555559809680656e-03
9.855334981963117524e-01 -2.036451936334932652e-03
9.884592421834893505e-01 -2.227788434542736506e-03
9.910459666008083479e-01 -2.397985673254451802e-03
9.932917339566013082e-01 -2.546531034531054546e-03
9.951948603738784982e-01 -2.672979235401896567e-03
9.967539175896268366e-01 -2.776952792496175521e-03
9.979677346636800506e-01 -2.858142392335101620e-03
9.988353993887623128e-01 -2.916307178438755018e-03
9.993562593946776484e-01 -2.951274964623112548e-03
9.995299229410639086e-01 -2.962942381934207444e-03
