# NACA 4-digit  m=0.037284 p=0.400 t/c=0.030929  unit chord, x y
1.000369997365551544e+00 2.977096227783847596e-03
1.000199283762421620e+00 3.004259195522661872e-03
9.996872564317026422e-01 3.085684794722144859e-03
9.988342557535561106e-01 3.221183307713565858e-03
9.976408488418868625e-01 3.410439185309235757e-03
9.961078292641375453e-01 3.653012013652442644e-03
9.942362166476881313e-01 3.948337860759175422e-03
9.920272561715870463e-01 4.295730995774411920e-03
9.894824179420084187e-01 4.694385972075460628e-03
9.866033962495418530e-01 5.143380063539158657e-03
9.833921087061727739e-01 5.641676041563341293e-03
9.798506952595852360e-01 6.188125278813901703e-03
9.759815170822684349e-01 6.781471164164375523e-03
9.717871553327813716e-01 7.420352811923925512e-03
9.672704097864721628e-01 8.103309047216228703e-03
9.624342973329395035e-01 8.828782648291247370e-03
9.572820503375701895e-01 9.595124825626952236e-03
9.518171148645925284e-01 1.040059991691915861e-02
9.460431487592374511e-01 1.124339027646592548e-02
9.399640195868143033e-01 1.212160133703404225e-02
9.335838024267664181e-01 1.303326682204758967e-02
9.269067775200721115e-01 1.397635408586450460e-02
9.199374277687092372e-01 1.494876956000094556e-02
9.126804360862788013e-01 1.594836428342348567e-02
9.051406825992973637e-01 1.697293949544864677e-02
8.973232416990978288e-01 1.802025227036057470e-02
8.892333789447393055e-01 1.908802117357134148e-02
8.808765478177743580e-01 2.017393191999557189e-02
8.722583863301954787e-01 2.127564301627662621e-02
8.633847134873359197e-01 2.239079136957606089e-02
8.542615256079383323e-01 2.351699784680430505e-02
8.448949925040420972e-01 2.465187276941419384e-02
8.352914535237260241e-01 2.579302133018512855e-02
8.254574134601183610e-01 2.693804891977545635e-02
8.153995383304079025e-01 2.808456635220021175e-02
8.051246510288828651e-01 2.923019497977916159e-02
7.946397268582559015e-01 3.037257168948433519e-02
7.839518889437302462e-01 3.150935377397487414e-02
7.730684035343959870e-01 3.263822367192648760e-02
7.619966751966340546e-01 3.375689357352613940e-02
7.507442419042344994e-01 3.486310988819518036e-02
7.393187700299261866e-01 3.595465757271014418e-02
7.277280492429327730e-01 3.702936431889972124e-02
7.159799873170709095e-01 3.808510460099404776e-02
7.040826048537394133e-01 3.911980358348116776e-02
6.920440299239559723e-01 4.013144089097506195e-02
6.798724926333766794e-01 4.111805424211323334e-02
6.675763196139758993e-01 4.207774294987657454e-02
6.551639284457979606e-01 4.300867129095394675e-02
6.426438220119122802e-01 4.390907174686095593e-02
6.300245827894179751e-01 4.477724811946542927e-02
6.173148670790653547e-01 4.561157852337537760e-02
6.045233991757984482e-01 4.641051825731372371e-02
5.916589654822755895e-01 4.717260255614437459e-02
5.787304085672062559e-01 4.789644922463558857e-02
5.657466211701652758e-01 4.858076115336016493e-02
5.527165401544017476e-01 4.922432871634830481e-02
5.396491404090659749e-01 4.982603204924503093e-02
5.265534287022431981e-01 5.038484320579121600e-02
5.134384374861912237e-01 5.089982818946489629e-02
5.003132186562576633e-01 5.137014885610352577e-02
4.871868372650894896e-01 5.179506468229575639e-02
4.740683651939395782e-01 5.217393439330291621e-02
4.609668747831351387e-01 5.250621744326328805e-02
4.478914324240892419e-01 5.279147533946487031e-02
4.348510921156067965e-01 5.302937280156523603e-02
4.218548889876586605e-01 5.321967874580468827e-02
4.089118327962682486e-01 5.336226708352315162e-02
3.960143349375045418e-01 5.345506938677545283e-02
3.831506823975028841e-01 5.346771581590652189e-02
3.703669524805017210e-01 5.339085020312381302e-02
3.576721807040514345e-01 5.322566037453835275e-02
3.450753472895111140e-01 5.297355074945798992e-02
3.325853696449322383e-01 5.263613856555096615e-02
3.202110948244412114e-01 5.221524951510392309e-02
3.079612919793364711e-01 5.171291279057797091e-02
2.958446448171889176e-01 5.113135553954811785e-02
2.838697440861687737e-01 5.047299673115718255e-02
2.720450801026059739e-01 4.974044043841120699e-02
2.603790353404072389e-01 4.893646854297677151e-02
2.488798771013810973e-01 4.806403287159108362e-02
2.375557502857570391e-01 4.712624677574772658e-02
2.264146702822236179e-01 4.612637616895121084e-02
2.154645159966324663e-01 4.506783003852252167e-02
2.047130230381354055e-01 4.395415045166007478e-02
1.941677770809367154e-01 4.278900207819578971e-02
1.838362074190517670e-01 4.157616125520847972e-02
1.737255807304837474e-01 4.031950462134252511e-02
1.638429950660678369e-01 3.902299735130744518e-02
1.541953740769032855e-01 3.769068102357807371e-02
1.447894614928130208e-01 3.632666115675551449e-02
1.356318158626593218e-01 3.493509445236306354e-02
1.267288055656205781e-01 3.352017578402017445e-02
1.180866041007221506e-01 3.208612497494196109e-02
1.097111856600371110e-01 3.063717340753479429e-02
1.016083209890546318e-01 2.917755051048487314e-02
9.378357353577776445e-02 2.771147017015212349e-02
8.624229588818732584e-02 2.624311711427503718e-02
7.898962649781733625e-02 2.477663331695221377e-02
7.203048668534980936e-02 2.331610447458544802e-02
6.536957792238583254e-02 2.186554660294067962e-02
5.901137938189683629e-02 2.042889280570211671e-02
5.296014574833403377e-02 1.900998026485874529e-02
4.721990527698827211e-02 1.761253750296949694e-02
4.179445809096631048e-02 1.624017196680472425e-02
3.668737470309804682e-02 1.489635798105892230e-02
3.190199474922249256e-02 1.358442511977699454e-02
2.744142591862941058e-02 1.230754704183815822e-02
2.330854306696676995e-02 1.106873083530541743e-02
1.950598749666274806e-02 9.870806913681058961e-03
1.603616638986201867e-02 8.716419505120399924e-03
1.290125237903120767e-02 7.608017773455046442e-03
1.010318324075293490e-02 6.547847607477216836e-03
7.643661698788986256e-03 5.537944112348494596e-03
5.524155323242896203e-03 4.580124834232626209e-03
3.745896513586245008e-03 3.675983746329557905e-03
2.309882554406766236e-03 2.826886021416813877e-03
1.216875733986365251e-03 2.033963612804950624e-03
4.674035171965716727e-04 1.298111662297819465e-03
6.175876569539505575e-05 6.199857503350760619e-04
0.000000000000000000e+00 0.000000000000000000e+00
2.809162587473450342e-04 -5.561172899412855685e-04
9.030617282295950402e-04 -1.042845708453662415e-03
1.865790532885670903e-03 -1.460394203341865973e-03
3.168222077319943902e-03 -1.809143672935163791e-03
4.809242112603372837e-03 -2.089645908744610162e-03
6.787504081619333447e-03 -2.302622222098477459e-03
9.101430737256397188e-03 -2.448961754482255251e-03
1.174921602544137626e-02 -2.529719471021030491e-03
1.472882722329223529e-02 -2.546113836294319407e-03
1.803800732106966911e-02 -2.499524171475046765e-03
2.167427763514419986e-02 -2.391487691643612041e-03
2.563494063787969887e-02 -2.223696222051816870e-03
2.991708298919215983e-02 -1.997992592107474680e-03
3.451757875357576444e-02 -1.716366705925108718e-03
3.943309278561521469e-02 -1.380951288447800421e-03
4.466008426643282292e-02 -9.940173063950905399e-04
5.019481037315109972e-02 -5.579690636373577095e-04
5.603333006329806742e-02 -7.533897104214717921e-05
6.217150795613778091e-02 4.512180086135991752e-04
6.860501829317545985e-02 1.018930239417369099e-03
7.532934896055790142e-02 1.624915612770654744e-03
8.233980555675861346e-02 2.266188066633433723e-03
8.963151548979697569e-02 2.939664419703528694e-03
9.719943208927478429e-02 3.642171515584434124e-03
1.050383387197100921e-01 4.370453670803920929e-03
1.131428528829919872e-01 5.121180419253397106e-03
1.215074302992469185e-01 5.890954544228782161e-03
1.301263689569850668e-01 6.676320387774851636e-03
1.389938131250529341e-01 7.473772425472794204e-03
1.481037573206394065e-01 8.279764093174787551e-03
1.574500502293426918e-01 9.090716850490142276e-03
1.670263985750739255e-01 9.903029464075483596e-03
1.768263709393325944e-01 1.071308749199075504e-02
1.868434015311107310e-01 1.151727294856702208e-02
1.970707939103426287e-01 1.231197412740671349e-02
2.075017246693914574e-01 1.309359555831870331e-02
2.181292470785345938e-01 1.385856807219769740e-02
2.289462947027491868e-01 1.460335894610687371e-02
2.399456849982940509e-01 1.532448209913593248e-02
2.511201228986187917e-01 1.601850830800141332e-02
2.624622043999841892e-01 1.668207540985433904e-02
2.739644201578472771e-01 1.731189845838036409e-02
2.856191591055359802e-01 1.790477979804123987e-02
2.974187121070107076e-01 1.845761902023285508e-02
3.093552756555736916e-01 1.896742276424156354e-02
3.214209556302584092e-01 1.943131432518787130e-02
3.336077711212966923e-01 1.984654303066877776e-02
3.459076583355414347e-01 2.021049334756238811e-02
3.583124745920258092e-01 2.052069368045583708e-02
3.708140024169773175e-01 2.077482482340718348e-02
3.834039537465915859e-01 2.097072802726619375e-02
3.960739742447360601e-01 2.110641264555942684e-02
4.088526417115840306e-01 2.119016633147610684e-02
4.217106459721103873e-01 2.125081294354846939e-02
4.346227156643415190e-01 2.128946183812495743e-02
4.475801043082571207e-01 2.130529947606698421e-02
4.605740294890198205e-01 2.129759648335183969e-02
4.735956785631164623e-01 2.126571057401011738e-02
4.866362144270371948e-01 2.120908913655279032e-02
4.996867813437422812e-01 2.112727146828395283e-02
5.127385108216818699e-01 2.101989064407754071e-02
5.257825275407003174e-01 2.088667500847984915e-02
5.388099553187788437e-01 2.072744928236842574e-02
5.518119231132515567e-01 2.054213527782507848e-02
5.647795710498860755e-01 2.033075221734780696e-02
5.777040564730244743e-01 2.009341665600766075e-02
5.905765600098716872e-01 1.983034200763214919e-02
6.033882916419607279e-01 1.954183767854082363e-02
6.161304967768399532e-01 1.922830781475327183e-02
6.287944623131027644e-01 1.889024967091032514e-02
6.413715226920101431e-01 1.852825161137790222e-02
6.538530659291494906e-01 1.814299075612002543e-02
6.662305396197949481e-01 1.773523028591496298e-02
6.784954569119233669e-01 1.730581642333182957e-02
6.906394024411336430e-01 1.685567510756864201e-02
7.026540382220607395e-01 1.638580838276546686e-02
7.145311094912238925e-01 1.589729052073676069e-02
7.262624504966139760e-01 1.539126390020875354e-02
7.378399902296819413e-01 1.486893466559241310e-02
7.492557580957652785e-01 1.433156818906777819e-02
7.605018895193147443e-01 1.378048436029996951e-02
7.715706314806307642e-01 1.321705272844910482e-02
7.824543479811023605e-01 1.264268752128108395e-02
7.931455254342170136e-01 1.205884256613643304e-02
8.036367779798375688e-01 1.146700613727641253e-02
8.139208527194293774e-01 1.086869575370991853e-02
8.239906348700650751e-01 1.026545295101835564e-02
8.338391528351317694e-01 9.658838049952963092e-03
8.434595831897118146e-01 9.050424943690290464e-03
8.528452555786091294e-01 8.441795924614567403e-03
8.619896575249516024e-01 7.834536570360099011e-03
8.708864391471985433e-01 7.230230707615362823e-03
8.795294177822566839e-01 6.630455470873508096e-03
8.879125825122313742e-01 6.036776471932703628e-03
8.960300985921371142e-01 5.450743094519103563e-03
9.038763117756500876e-01 4.873883926944030075e-03
9.114457525357366752e-01 4.307702344230248531e-03
9.187331401767148131e-01 3.753672249668718423e-03
9.257333868340200667e-01 3.213233984311959432e-03
9.324416013576719564e-01 2.687790411487244249e-03
9.388530930751509684e-01 2.178703182040620141e-03
9.449633754291303367e-01 1.687289184708872999e-03
9.507681694852677667e-01 1.214817184778948199e-03
9.562634073050305661e-01 7.625046530397236455e-04
9.614452351783472350e-01 3.315147859716720616e-04
9.663100167107294691e-01 -7.704628283822408108e-05
9.708543357593969469e-01 -4.621320809176259793e-04
9.750749992128852073e-01 -8.227582063621103822e-04
9.789690396086078161e-01 -1.158004550735468752e-03
9.825337175828954273e-01 -1.467017338130569264e-03
9.857665241481347040e-01 -1.749010983484650117e-03
9.886651827917972701e-01 -2.003269773505810848e-03
9.912276513923674592e-01 -2.229149373715719109e-03
9.934521239474496390e-01 -2.426078165151299669e-03
9.953370321096729478e-01 -2.593558414202229954e-03
9.968810465263864273e-01 -2.731167278898012380e-03
9.980830779795719643e-01 -2.838557654706309798e-03
9.989422783228710800e-01 -2.915458862573070374e-03
9.994580412131356395e-01 -2.961677181535866434e-03
9.996300026344483447e-01 -2.977096227783847596e-03
