# NACA 4-digit  m=0.031247 p=0.400 t/c=0.025000  unit chord, x y
1.000310788783297156e+00 2.983858296262845242e-03
1.000139847517066416e+00 3.006359429469323934e-03
9.996271385108421725e-01 3.073810111488462296e-03
9.987730060782868957e-01 3.186052351541658612e-03
9.975780238629221586e-01 3.342823370897964226e-03
9.960429945188606915e-01 3.543756408787113003e-03
9.941689492630491065e-01 3.788381844830653305e-03
9.919571472982651184e-01 4.076128632203081595e-03
9.894090751059199107e-01 4.406326034166825958e-03
9.865264456075529820e-01 4.778205655118904216e-03
9.833111971937678053e-01 5.190903755855178978e-03
9.797654926192403968e-01 5.643463841415233967e-03
9.758917177623576134e-01 6.134839508623188276e-03
9.716924802479938172e-01 6.663897539302581982e-03
9.671706079319284388e-01 7.229421224120343575e-03
9.623291472454306161e-01 7.830113901118276876e-03
9.571713613986095881e-01 8.464602692222730415e-03
9.517007284412304369e-01 9.131442420392495152e-03
9.459209391798372168e-01 9.829119689572550847e-03
9.398358949502023663e-01 1.055605710927139985e-02
9.334497052443367915e-01 1.131061764537117514e-02
9.267666851915300485e-01 1.209110907871406224e-02
9.197913528931663807e-01 1.289578855308114863e-02
9.125284266113540266e-01 1.372286719438900113e-02
9.049828218117208500e-01 1.457051478326945419e-02
8.971596480610531943e-01 1.543686446366253351e-02
8.890642057808075815e-01 1.632001747063376376e-02
8.807019828578545040e-01 1.721804786131751405e-02
8.720786511141757069e-01 1.812900723367531081e-02
8.632000626375697649e-01 1.905092941863420486e-02
8.540722459757535967e-01 1.998183513212112294e-02
8.447014021965730812e-01 2.091973657452347868e-02
8.350939008173289269e-01 2.186264196617084682e-02
8.252562756065069394e-01 2.280856000853335314e-02
8.151952202614454190e-01 2.375550426195653306e-02
8.049175839657036757e-01 2.470149743188424993e-02
7.944303668300740640e-01 2.564457555664930583e-02
7.837407152213383688e-01 2.658279209101970658e-02
7.728559169829878339e-01 2.751422188076459163e-02
7.617833965522038397e-01 2.843696502453525385e-02
7.505307099774427559e-01 2.934915062033102012e-02
7.391055398409775989e-01 3.024894039472433849e-02
7.275156900907183699e-01 3.113453221384706107e-02
7.157690807855783266e-01 3.200416347587711763e-02
7.038737427585646245e-01 3.285611438540766982e-02
6.918378122016487497e-01 3.368871111061954443e-02
6.796695251763498202e-01 3.450032882460840611e-02
6.673772120537879715e-01 3.528939463253733672e-02
6.549692918878129433e-01 3.605439038648916572e-02
6.424542667246239125e-01 3.679385538998254657e-02
6.298407158521209803e-01 3.750638899409063087e-02
6.171372899920439803e-01 3.819065308696435040e-02
6.043527054377912933e-01 3.884537447831837298e-02
5.914957381406426018e-01 3.946934718009094401e-02
5.785752177469770663e-01 4.006143458404778923e-02
5.656000215889530613e-01 4.062057153657252367e-02
5.525790686310324551e-01 4.114576631028085685e-02
5.395213133746619150e-01 4.163610247142623955e-02
5.264357397234086244e-01 4.209074064133956627e-02
5.133313548108499047e-01 4.250892014938083274e-02
5.002171827935695259e-01 4.288996057408751839e-02
4.871022586117051967e-01 4.323326316839887912e-02
4.739956217196175658e-01 4.353831216403065280e-02
4.609063097894234851e-01 4.380467594928628972e-02
4.478433523903470603e-01 4.403200811383309321e-02
4.348157646470846016e-01 4.422004835326006494e-02
4.218325408806610222e-01 4.436862322558134120e-02
4.089026482355666015e-01 4.447764675127134637e-02
3.960236024497040819e-01 4.454541027537075454e-02
3.831900929887586127e-01 4.454656614884180965e-02
3.704366065507479489e-01 4.447331930174696496e-02
3.577720661093876098e-01 4.432668062299792433e-02
3.452053374686742671e-01 4.410784055391869102e-02
3.327452222996519215e-01 4.381816587315712913e-02
3.204004511748749784e-01 4.345919600268838973e-02
3.081796766116201014e-01 4.303263883394813777e-02
2.960914661356453537e-01 4.254036607453665075e-02
2.841442953779528824e-01 4.198440811746861900e-02
2.723465412175793965e-01 4.136694843659911164e-02
2.607064749838994833e-01 4.069031751362564564e-02
2.492322557322652621e-01 3.995698630393722944e-02
2.379319236070226995e-01 3.916955925054160098e-02
2.268133933060286211e-01 3.833076685733777939e-02
2.158844476607353347e-01 3.744345783509636649e-02
2.051527313457141011e-01 3.651059083564804630e-02
1.946257447311547095e-01 3.553522579194549891e-02
1.843108378914016521e-01 3.452051488383577754e-02
1.742152047819785776e-01 3.346969315154146862e-02
1.643458775968142660e-01 3.238606878098149872e-02
1.547097213165257168e-01 3.127301308714644512e-02
1.453134284576426127e-01 3.013395022376174487e-02
1.361635140315912429e-01 2.897234664940594173e-02
1.272663107211005340e-01 2.779170038208386012e-02
1.186279642804680956e-01 2.659553007596887619e-02
1.102544291648429597e-01 2.538736395560953207e-02
1.021514643923620014e-01 2.417072864432777413e-02
9.432462964163260133e-02 2.294913792480707954e-02
8.677928158570751005e-02 2.172608147096538600e-02
7.952057046236313265e-02 2.050501359112009980e-02
7.255343687918350271e-02 1.928934202317034163e-02
6.588260885069567585e-02 1.808241682303834280e-02
5.951259906360226171e-02 1.688751938791976243e-02
5.344770236503846444e-02 1.570785165598819963e-02
4.769199346775209597e-02 1.454652552407813965e-02
4.224932486518079289e-02 1.340655252453176738e-02
3.712332494859353627e-02 1.229083380183817673e-02
3.231739631778059174e-02 1.120215042891998733e-02
2.783471427622656244e-02 1.014315410193454559e-02
2.367822550129298695e-02 9.116358251259693360e-03
1.985064687967022165e-02 8.124129604932072216e-03
1.635446449824102741e-02 7.168680239207315605e-03
1.319193278052338027e-02 6.252060149122251262e-03
1.036507375903426668e-02 5.376150369971064748e-03
7.875676474229638055e-03 4.542656678468830547e-03
5.725296491123204982e-03 3.753103900078023653e-03
3.915255525267949226e-03 3.008830846531204174e-03
2.446641170478559054e-03 2.310985905005359491e-03
1.320306721481922857e-03 1.660523297708191336e-03
5.368710855844499715e-04 1.058200027835102738e-03
9.671877843266383265e-05 5.045735249651587141e-04
0.000000000000000000e+00 0.000000000000000000e+00
2.459562460100762709e-04 -4.510471503202121086e-04
8.335941598417167956e-04 -8.442687541623399060e-04
1.762359545390113297e-03 -1.179830778951519591e-03
3.031463461248151085e-03 -1.458044439045847775e-03
4.639883100921668620e-03 -1.679365365689867865e-03
6.586362913739024667e-03 -1.844392506061246547e-03
8.869415961815745389e-03 -1.953866750868598918e-03
1.148732550716004448e-02 -2.008669289680835128e-03
1.443814682180006269e-02 -2.009819692930857587e-03
1.771970921269066038e-02 -1.958473719347713412e-03
2.132961825213672627e-02 -1.855920847439460671e-03
2.526525820355348187e-02 -1.703581529581225246e-03
2.952379463159500797e-02 -1.503004167266434703e-03
3.410217718501766526e-02 -1.255861806160114835e-03
3.899714254011972525e-02 -9.639485497575251555e-04
4.420521749221834051e-02 -6.291756907036705204e-04
4.972272218238727587e-02 -2.535675591742586610e-04
5.554577344659363675e-02 1.607429118407992241e-04
6.167028827443235550e-02 6.115189039712729674e-04
6.809198736486561654e-02 1.096424712599405188e-03
7.480639876672420807e-02 1.613031025934148072e-03
8.180886159221281706e-02 2.158820481431180174e-03
8.909452979227679148e-02 2.731193496026554715e-03
9.665837598341994741e-02 3.327474365620355576e-03
1.044951953164027225e-01 3.944917628123887146e-03
1.125996093781861385e-01 4.580714683175304142e-03
1.209660701195009735e-01 5.232000660339559614e-03
1.295888638015051109e-01 5.895861526248116768e-03
1.384621149561210129e-01 6.569341419708824362e-03
1.475797903558098145e-01 7.249450202338270435e-03
1.569357029897202604e-01 7.933171210747467367e-03
1.665235160443274964e-01 8.617469194759440343e-03
1.763367468878377642e-01 9.299298424566773344e-03
1.863687710587608459e-01 9.975610948162717817e-03
1.966128262601246346e-01 1.064336497881493947e-02
2.070620163618127618e-01 1.129953339081231183e-02
2.177093154144317255e-01 1.194111230021792196e-02
2.285475716789441836e-01 1.256512970592134869e-02
2.395695116770283906e-01 1.316865416491763523e-02
2.507677442677346269e-01 1.374880347446454619e-02
2.621347647564919447e-01 1.430275333260097245e-02
2.736629590428738545e-01 1.482774594746245726e-02
2.853446078137518716e-01 1.532109856492129898e-02
2.971718907885542715e-01 1.578021188332254243e-02
3.091368910232900613e-01 1.620257832349625282e-02
3.212315992798246422e-01 1.658579012181506801e-02
3.334479184665770091e-01 1.692754721384318733e-02
3.457776681563782817e-01 1.722566487609888952e-02
3.582125891866896339e-01 1.747808109363616427e-02
3.707443483467310896e-01 1.768286362154491975e-02
3.833645431553358573e-01 1.783821670908139478e-02
3.960647067325365200e-01 1.794248745596765254e-02
4.088618262722856778e-01 1.800266758634598216e-02
4.217329940791080256e-01 1.804301803805010915e-02
4.346580431328637140e-01 1.806449336847298220e-02
4.476281843419993023e-01 1.806643146502373218e-02
4.606345944827314742e-01 1.804824128254996912e-02
4.736684220374384746e-01 1.800940522379058245e-02
4.867207930804214877e-01 1.794948123864991557e-02
4.997828172064304186e-01 1.786810462976096137e-02
5.128455934970231889e-01 1.776498955359506748e-02
5.259002165195348910e-01 1.763993020824479105e-02
5.389377823531829037e-01 1.749280170094294484e-02
5.519493946366208492e-01 1.732356059036216714e-02
5.649261706310982900e-01 1.713224510075140455e-02
5.778592472932536639e-01 1.691897500698736484e-02
5.907397873515046749e-01 1.668395119163527604e-02
6.035589853799678828e-01 1.642745487710227381e-02
6.163080738638613276e-01 1.614984653791563807e-02
6.289783292503997592e-01 1.585156450004580886e-02
6.415610779792985108e-01 1.553312323600761040e-02
6.540477024871345080e-01 1.519511136619569082e-02
6.664296471799828758e-01 1.483818937852823643e-02
6.786984243689502261e-01 1.446308707997416218e-02
6.908456201634408655e-01 1.407060079491133549e-02
7.028629003172355283e-01 1.366159032649745184e-02
7.147420160227164754e-01 1.323697569832209264e-02
7.264748096488283791e-01 1.279773369454271711e-02
7.380532204186305290e-01 1.234489421748237448e-02
7.494692900225570220e-01 1.187953648228047034e-02
7.607151681637449592e-01 1.140278506863879812e-02
7.717831180320389173e-01 1.091580584999182930e-02
7.826655217034942380e-01 1.041980182055664804e-02
7.933548854623988511e-01 9.916008840686545145e-03
8.038438450430167581e-01 9.405691320767257252e-03
8.141251707883918609e-01 8.890137863565312354e-03
8.241917727236764968e-01 8.370656884468381104e-03
8.340367055415288666e-01 7.848572228460512501e-03
8.436531734971808305e-01 7.325218801957586803e-03
8.530345352107938650e-01 6.801938236805572975e-03
8.621743083747177572e-01 6.280074602823162988e-03
8.710661743632183152e-01 5.760970184269917707e-03
8.797039827421765379e-01 5.245961334548962691e-03
8.880817556761630982e-01 4.736374422327441040e-03
8.961936922301817487e-01 4.233521881089566397e-03
9.040341725632266012e-01 3.738698372942434248e-03
9.115977620106614498e-01 3.253177076285300451e-03
9.188792150522576696e-01 2.778206105744557286e-03
9.258734791625621297e-01 2.315005071581418931e-03
9.325756985401015831e-01 1.864761784608748134e-03
9.389812177117629055e-01 1.428629111523012016e-03
9.450855850085305709e-01 1.007721984473049573e-03
9.508845559086298582e-01 6.031145676644858108e-04
9.563740962439911675e-01 2.158375828423247239e-04
9.615503852658561224e-01 -1.531242053846495338e-04
9.664098185652731932e-01 -5.028343442109711042e-04
9.709490108441845013e-01 -8.324068878340419066e-04
9.751647985327960289e-01 -1.141008434341778469e-03
9.790542422489526553e-01 -1.427860005963846584e-03
9.826146290953003959e-01 -1.692238774783318220e-03
9.858434747901235751e-01 -1.933479636329746374e-03
9.887385256278857781e-01 -2.150976633702361609e-03
9.912977602656893872e-01 -2.344184235005279584e-03
9.935193913320886638e-01 -2.512618466918829872e-03
9.954018668549498017e-01 -2.655857907187678460e-03
9.969438715053511313e-01 -2.773544538682850245e-03
9.981443276548411792e-01 -2.865384467497518461e-03
9.990023962437315497e-01 -2.931148507273833789e-03
9.995174774584907329e-01 -2.970672631639213745e-03
9.996892112167027333e-01 -2.983858296262845242e-03
