# NACA 4-digit  m=0.048607 p=0.400 t/c=0.085556  unit chord, x y
1.000479816433773816e+00 2.961380791097365569e-03
1.000311101924256540e+00 3.006177158317783430e-03
9.998050610170354791e-01 3.140466075539420383e-03
9.989620015837814559e-01 3.363947322470875034e-03
9.977824367687412321e-01 3.676121639866457205e-03
9.962670850231571951e-01 4.076292383756498390e-03
9.944168701479471073e-01 4.563567826189431249e-03
9.922329213392476754e-01 5.136864087480447899e-03
9.897165732300237107e-01 5.794908680926380042e-03
9.868693659196642320e-01 6.536244647095916863e-03
9.836930449823234612e-01 7.359235251172719337e-03
9.801895614437543536e-01 8.262069213459734621e-03
9.763610717155287722e-01 9.242766440066918152e-03
9.722099374748652822e-01 1.029918421804442916e-02
9.677387254777857217e-01 1.142902383680198357e-02
9.629502072930272716e-01 1.262983759560794977e-02
9.578473589440196223e-01 1.389903615529734099e-02
9.524333604463328662e-01 1.523389619105955731e-02
9.467115952282675329e-01 1.663156830232823125e-02
9.406856494227258114e-01 1.808908513537024754e-02
9.343593110191391604e-01 1.960336967416402912e-02
9.277365688650188735e-01 2.117124365557303614e-02
9.208216115076444108e-01 2.278943606564566571e-02
9.136188258674742269e-01 2.445459167509992510e-02
9.061327957360435503e-01 2.616327957366369750e-02
8.983683000923731177e-01 2.791200166491676279e-02
8.903303112332510150e-01 2.969720108559668892e-02
8.820239927140971492e-01 3.151527051595819778e-02
8.734546970985079817e-01 3.336256035068049797e-02
8.646279635159372923e-01 3.523538670296737230e-02
8.555495150282834693e-01 3.713003921783827183e-02
8.462252558074246922e-01 3.904278867412552811e-02
8.366612681269081087e-01 4.096989435833067739e-02
8.268638091720665884e-01 4.290761119720336303e-02
8.168393076737727743e-01 4.485219663964741532e-02
8.065943603718400690e-01 4.679991728227740622e-02
7.961357283147084685e-01 4.874705523660424755e-02
7.854703330025291086e-01 5.068991423936929780e-02
7.746052523810492696e-01 5.262482551092671768e-02
7.635477166938180460e-01 5.454815336975253615e-02
7.523051042001600575e-01 5.645630061409167427e-02
7.408849367661339835e-01 5.834571368440000239e-02
7.292948753352719304e-01 6.021288762256638005e-02
7.175427152853386392e-01 6.205437084587069052e-02
7.056363816766372254e-01 6.386676975522601052e-02
6.935839243965533640e-01 6.564675319843925327e-02
6.813935132040974674e-01 6.739105680998655479e-02
6.690734326771827778e-01 6.909648724912867412e-02
6.566320770643037097e-01 7.075992635807309972e-02
6.440779450411826534e-01 7.237833526133065354e-02
6.314196343718463389e-01 7.394875842641177033e-02
6.186658364725213799e-01 7.546832770457834183e-02
6.058253308757274302e-01 7.693426636852290779e-02
5.929069795910106855e-01 7.834389316161240180e-02
5.799197213579507793e-01 7.969462637073804201e-02
5.668725657863888934e-01 8.098398793188485434e-02
5.537745873783175288e-01 8.220960757431775012e-02
5.406349194255287705e-01 8.336922700581361756e-02
5.274627477769937567e-01 8.446070413770126462e-02
5.142673044700168949e-01 8.548201734464874746e-02
5.010578612195154546e-01 8.643126975021905856e-02
4.878437227603086845e-01 8.730669352524950133e-02
4.746342200380564424e-01 8.810665418215814226e-02
4.614387032454801973e-01 8.882965484439639403e-02
4.482665347017082969e-01 8.947434046650819262e-02
4.351270815739978204e-01 9.003950197667970334e-02
4.220297084426925527e-01 9.052408031032191382e-02
4.089837697120521920e-01 9.092717030017534452e-02
3.959416612095550958e-01 9.124528442228169167e-02
3.828412806021658232e-01 9.143708077900028486e-02
3.698195245407530640e-01 9.148933915754192681e-02
3.568863496379553468e-01 9.140297889023918376e-02
3.440516734227961337e-01 9.117924764012191874e-02
3.313253621526464077e-01 9.081971928932748572e-02
3.187172184335435587e-01 9.032629082796339581e-02
3.062369687008776875e-01 8.970117821374604117e-02
2.938942506159779589e-01 8.894691117751027387e-02
2.816986004370241603e-01 8.806632695495769658e-02
2.696594404249276211e-01 8.706256293072375807e-02
2.577860663463256152e-01 8.593904818693623437e-02
2.460876351365793302e-01 8.469949395483661325e-02
2.345731527856373400e-01 8.334788297467495000e-02
2.232514625088357352e-01 8.188845777589254249e-02
2.121312332631299369e-01 8.032570789650497756e-02
2.012209486669412351e-01 7.866435606751601139e-02
1.905288963787662160e-01 7.690934339506375061e-02
1.800631579859869325e-01 7.506581357975752877e-02
1.698315994509858595e-01 7.313909621924008508e-02
1.598418621567727904e-01 7.113468924635385493e-02
1.501013545889380574e-01 6.905824056134010624e-02
1.406172446849307534e-01 6.691552892221439008e-02
1.313964528755046657e-01 6.471244416279316181e-02
1.224456458367563783e-01 6.245496681275941597e-02
1.137712309645865089e-01 6.014914719861753217e-02
1.053793515767325606e-01 5.780108410837238309e-02
9.727588284083517334e-02 5.541690310625334293e-02
8.946642842038980692e-02 5.300273458677558225e-02
8.195631782399147303e-02 5.056469165987523273e-02
7.475060443707440272e-02 4.810884796076674019e-02
6.785406420945341854e-02 4.564121547954423652e-02
6.127119496646776103e-02 4.316772250638769431e-02
5.500621630646207461e-02 4.069419178853951602e-02
4.906307004278202127e-02 3.822631899499843999e-02
4.344542114445457820e-02 3.576965158414127655e-02
3.815665912631381607e-02 3.332956816824347857e-02
3.319989983655661364e-02 3.091125846713976832e-02
2.857798758759540897e-02 2.851970394106170120e-02
2.429349757463746332e-02 2.615965919002746082e-02
2.034873852567644498e-02 2.383563420406002720e-02
1.674575552653190594e-02 2.155187754499048730e-02
1.348633296521765772e-02 1.931236053668934985e-02
1.057199754124252440e-02 1.712076253627494576e-02
8.004021287435544169e-03 1.498045735420534819e-02
5.783424554510386943e-03 1.289450088618555347e-02
3.910978911807952776e-03 1.086562001454061469e-02
2.387209921448731932e-03 8.896202831146698964e-03
1.212399747431641174e-03 6.988290228192488643e-03
3.865895659933332642e-04 5.143568896998217295e-03
-9.041825127328092376e-05 3.363365768865966225e-03
-2.190582045050596988e-04 1.648643925505488854e-03
0.000000000000000000e+00 0.000000000000000000e+00
5.617332289477997617e-04 -1.565379104774159173e-03
1.460883496699447691e-03 -3.030577507577112296e-03
2.696076700878702673e-03 -4.395810868051562049e-03
4.265704884295068965e-03 -5.661467353889323983e-03
6.167928704740885913e-03 -6.828106389625499852e-03
8.400680493054276873e-03 -7.896457370799764980e-03
1.096166788153499563e-02 -8.867418337394719977e-03
1.384837797875876700e-02 -9.742054598060882059e-03
1.705808206108092029e-02 -1.052159729433532753e-02
2.058784074571402833e-02 -1.120744189187185963e-02
2.443450960527504198e-02 -1.180114658364289464e-02
2.859474517917002384e-02 -1.230443058815809676e-02
3.306501133318411056e-02 -1.271917232399106916e-02
3.784158591520284803e-02 -1.304740744032437290e-02
4.292056765215664788e-02 -1.329132668183109593e-02
4.829788323108531733e-02 -1.345327356502246108e-02
5.396929450568479364e-02 -1.353574184221732757e-02
5.993040576885007992e-02 -1.354137272854747873e-02
6.617667103157254260e-02 -1.347295186691263927e-02
7.270340124909352442e-02 -1.333340600555557413e-02
7.950577143645429223e-02 -1.312579936295188085e-02
8.657882761750154699e-02 -1.285332965501241598e-02
9.391749355399282850e-02 -1.251932376018928192e-02
1.015165772046627418e-01 -1.212723299896818763e-02
1.093707768679295506e-01 -1.168062800542927701e-02
1.174746869662965376e-01 -1.118319317007059055e-02
1.258228034353825742e-01 -1.063872063491980852e-02
1.344095286858492666e-01 -1.005110382411139938e-02
1.432291761122075902e-01 -9.424330495579485295e-03
1.522759741285216739e-01 -8.762475302309020303e-03
1.615440697173079199e-01 -8.069691854692365857e-03
1.710275314843689720e-01 -7.350204278948037351e-03
1.807203522188304823e-01 -6.608298270259257978e-03
1.906164509641755656e-01 -5.848311643264693382e-03
2.007096746125131281e-01 -5.074624386762628669e-03
2.109937990405856278e-01 -4.291648233946183943e-03
2.214625298120371233e-01 -3.503815764138745736e-03
2.321095024761370695e-01 -2.715569056814109983e-03
2.429282824984137501e-01 -1.931347923618473295e-03
2.539123648634205588e-01 -1.155577749122296827e-03
2.650551733940658128e-01 -3.926569760631451467e-04
2.763500598355256299e-01 3.530557241533116564e-04
2.877903027546805936e-01 1.077254550009357215e-03
2.993691063082216663e-01 1.775699887035783742e-03
3.110795989340324752e-01 2.444231788566259000e-03
3.229148320211560619e-01 3.078783560797916652e-03
3.348677786135825230e-01 3.675395388934715735e-03
3.469313322022564150e-01 4.230227937663685878e-03
3.590983056581218968e-01 4.739575856160360701e-03
3.713614303567259745e-01 5.199881115294707756e-03
3.837133555419286468e-01 5.607746102775028330e-03
3.961466479726855061e-01 5.959946400664731248e-03
4.087807047958000872e-01 6.266263909925379183e-03
4.215358265170764951e-01 6.562527102103234145e-03
4.343467262059504952e-01 6.849391306189590856e-03
4.472050020306380658e-01 7.125055131022017818e-03
4.601022010266747619e-01 7.387809894826881385e-03
4.730298237189995980e-01 7.636046284915071203e-03
4.859793289318179998e-01 7.868260480058335282e-03
4.989421387804844898e-01 8.083059694629468606e-03
5.119096438378561986e-01 8.279167108527003827e-03
5.248732084659497588e-01 8.455426152139511320e-03
5.378241763023160482e-01 8.610804121086008955e-03
5.507538758893357755e-01 8.744395101130932046e-03
5.636536264336624580e-01 8.855422189460115945e-03
5.765147436822799509e-01 8.943239004349366750e-03
5.893285459011365912e-01 9.007330481105552122e-03
6.020863599420317458e-01 9.047312957940305267e-03
6.147795273833839280e-01 9.062933561098988899e-03
6.273994107306744006e-01 9.054068904045815824e-03
6.399373996627397698e-01 9.020723120750917534e-03
6.523849173106437416e-01 8.963025258081815799e-03
6.647334265565880695e-01 8.881226056924356599e-03
6.769744363412025789e-01 8.775694155903766142e-03
6.890995079685362512e-01 8.646911755406324479e-03
7.011002613991629273e-01 8.495469782985924645e-03
7.129683815229561628e-01 8.322062604147469761e-03
7.246956244042748185e-01 8.127482324915627498e-03
7.362738234934741444e-01 7.912612734501566630e-03
7.476948957998397205e-01 7.678422937769859014e-03
7.589508480221307529e-01 7.425960728077246609e-03
7.700337826339774816e-01 7.156345751408183659e-03
7.809359039223034982e-01 6.870762512581535253e-03
7.916495239777644466e-01 6.570453273661031740e-03
8.021670686368803649e-01 6.256710893590672340e-03
8.124810833760645057e-01 5.930871656522739704e-03
8.225842391581168478e-01 5.594308134337391131e-03
8.324693382319496848e-01 5.248422126506599450e-03
8.421293198863292195e-01 4.894637717764990098e-03
8.515572661582639924e-01 4.534394491063860333e-03
8.607464074963502298e-01 4.169140930034951828e-03
8.696901283788860404e-01 3.800328041734054099e-03
8.783819728859338927e-01 3.429403226808498337e-03
8.868156502237196648e-01 3.057804420489043662e-03
8.949850401988618254e-01 2.686954523990817828e-03
9.028841986389039009e-01 2.318256142067995698e-03
9.105073627545412496e-01 1.953086638646231096e-03
9.178489564377796395e-01 1.592793518702820613e-03
9.249035954890733047e-01 1.238690140917854399e-03
9.316660927652992141e-01 8.920517621184217982e-04
9.381314632392394603e-01 5.541119112261547880e-04
9.442949289601002549e-01 2.260590873196782064e-04
9.501519239035274289e-01 -9.096622642018343391e-05
9.556980986985811333e-01 -3.958742436855856514e-04
9.609293252182594669e-01 -6.876282640093499959e-04
9.658417010194159102e-01 -9.652467847493014647e-04
9.704315536173130363e-01 -1.227805352732223854e-03
9.746954445796248701e-01 -1.474438173473946369e-03
9.786301734244386985e-01 -1.704339496819873897e-03
9.822327813067447400e-01 -1.916764798423092019e-03
9.855005544780123250e-01 -2.111031776704175994e-03
9.884310275037819782e-01 -2.286521184820955975e-03
9.910219862247068301e-01 -2.442677516731249672e-03
9.932714704471906630e-01 -2.579009565667446206e-03
9.951777763506532981e-01 -2.695090872283075444e-03
9.967394585995320577e-01 -2.790560078394123313e-03
9.979553321493466189e-01 -2.865121200650744705e-03
9.988244737375382432e-01 -2.918543836662433350e-03
9.993462230513007194e-01 -2.950663314095945070e-03
9.995201835662261836e-01 -2.961380791097365569e-03
