# NACA 4-digit  m=0.054682 p=0.400 t/c=0.200000  unit chord, x y
1.000537959061194027e+00 2.951372570259320084e-03
1.000373820768026834e+00 3.022949486692818027e-03
9.998814840648824198e-01 3.237527588047692164e-03
9.990611836295809622e-01 3.594649484765012528e-03
9.979133110855250566e-01 4.093554704094464272e-03
9.964384157348357141e-01 4.733182439461733337e-03
9.946372055700201109e-01 5.512175368945416987e-03
9.925105485497227598e-01 6.428884512609794183e-03
9.900594741203554427e-01 7.481375090345231474e-03
9.872851749619301343e-01 8.667433334178287901e-03
9.841890089332729907e-01 9.984574201802574184e-03
9.807725011890185973e-01 1.143004993144206005e-02
9.770373464384271012e-01 1.300085937214027522e-02
9.729854113141525040e-01 1.469375801826140748e-02
9.686187368176415458e-01 1.650526867242372436e-02
9.639395408068943683e-01 1.843169265733724319e-02
9.589502204918572970e-01 2.046912149410746659e-02
9.536533549027605972e-01 2.261344896254326858e-02
9.480517072972473036e-01 2.486038345787960208e-02
9.421482274731394213e-01 2.720546055812351691e-02
9.359460539551527347e-01 2.964405571694291378e-02
9.294485160257313083e-01 3.217139699865053520e-02
9.226591355724317323e-01 3.478257777436253445e-02
9.155816287268621068e-01 3.747256930181078888e-02
9.082199072730446909e-01 4.023623311552637638e-02
9.005780798061464587e-01 4.306833315913284610e-02
8.926604526257768679e-01 4.596354759724699535e-02
8.844715303513822624e-01 4.891648025090794549e-02
8.760160162506517301e-01 5.192167160747101357e-02
8.672988122751879025e-01 5.497360936343274884e-02
8.583250188009405868e-01 5.806673846660224958e-02
8.490999340739920909e-01 6.119547063231133011e-02
8.396290533651444843e-01 6.435419331685907074e-02
8.299180678393531796e-01 6.753727814001073138e-02
8.199728631483107488e-01 7.073908875700944676e-02
8.097995177563946934e-01 7.395398818909983130e-02
7.994043010116712589e-01 7.717634562989636460e-02
7.887936709747176423e-01 8.040054275295147046e-02
7.779742720186314520e-01 8.362097955346789457e-02
7.669529322137449423e-01 8.683207976417024743e-02
7.557366605102473489e-01 9.002829589179056624e-02
7.443326437311593713e-01 9.320411392634256331e-02
7.327482433869033640e-01 9.635405778027869572e-02
7.209909923211199612e-01 9.947269351865789533e-02
7.090685911954213161e-01 1.025546334445456981e-01
6.969889048184841895e-01 1.055945401059552036e-01
6.847599583223598074e-01 1.085871302916837922e-01
6.723899331861192818e-01 1.115271790833734511e-01
6.598871631040876817e-01 1.144095240300023741e-01
6.472601296929737513e-01 1.172290695088092916e-01
6.345174580292769484e-01 1.199807913333605230e-01
6.216679120055064178e-01 1.226597416651309946e-01
6.087203894910764301e-01 1.252610542796186721e-01
5.956839172812924410e-01 1.277799502317059632e-01
5.825676458157186266e-01 1.302117439577890612e-01
5.693808436454580457e-01 1.325518498442034565e-01
5.561328916275626311e-01 1.347957892827685855e-01
5.428332768239605421e-01 1.369391982249688888e-01
5.294915860820056386e-01 1.389778352364947622e-01
5.161174992740300560e-01 1.409075900437045392e-01
5.027207821741657146e-01 1.427244925531779562e-01
4.893112789521928963e-01 1.444247223150349757e-01
4.758989042662749580e-01 1.460046183902400374e-01
4.624936349391488011e-01 1.474606895718345301e-01
4.491055012056286988e-01 1.487896249000803806e-01
4.357445775231153506e-01 1.499883044019938161e-01
4.224209729411372294e-01 1.510538099768279352e-01
4.091448210307334077e-01 1.519834363408605893e-01
3.957789136433844668e-01 1.527714429707379973e-01
3.821482160935728567e-01 1.533670851111819111e-01
3.685929899744945226e-01 1.537530776177724878e-01
3.551252956315258391e-01 1.539290280032523384e-01
3.417571906092917167e-01 1.538950233165358727e-01
3.285007064336231686e-01 1.536516341334726032e-01
3.153678248455017430e-01 1.531999168288490087e-01
3.023704536307896817e-01 1.525414140360079052e-01
2.895204021978838305e-01 1.516781532122004061e-01
2.768293570618640675e-01 1.506126432406575122e-01
2.643088573981332567e-01 1.493478690141808174e-01
2.519702708308837469e-01 1.478872839596239441e-01
2.398247696219311664e-01 1.462348004777590527e-01
2.278833074235308565e-01 1.443947782885133813e-01
2.161565967547774691e-01 1.423720106872187197e-01
2.046550873551329086e-01 1.401717087331655898e-01
1.933889455606495611e-01 1.377994834072120700e-01
1.823680348386726435e-01 1.352613257903169386e-01
1.716018976053691747e-01 1.325635853294907240e-01
1.610997384375185137e-01 1.297129462716624104e-01
1.508704087757983814e-01 1.267164023592335376e-01
1.409223932015179481e-01 1.235812298935288350e-01
1.312637973525938861e-01 1.203149592838882731e-01
1.219023375277643456e-01 1.169253452106975288e-01
1.128453320108066260e-01 1.134203355401912222e-01
1.040996941290886768e-01 1.098080391373376097e-01
9.567192704336685560e-02 1.060966927305094093e-01
8.756812024854961074e-02 1.022946269879509013e-01
7.979394774838340088e-02 9.841023197126513855e-02
7.235466785088204289e-02 9.445192213527604796e-02
6.525512451599070618e-02 9.042810104668339011e-02
5.849975017261641042e-02 8.634712599594576710e-02
5.209256990892965206e-02 8.221727267782390214e-02
4.603720692787262314e-02 7.804670011602514446e-02
4.033688914922708285e-02 7.384341600644199477e-02
3.499445683049601241e-02 6.961524265160939917e-02
3.001237107132507034e-02 6.536978365625291387e-02
2.539272306030015622e-02 6.111439155020290115e-02
2.113724391875209524e-02 5.685613650054435059e-02
1.724731499371069329e-02 5.260177626969812781e-02
1.372397845139208990e-02 4.835772757022609863e-02
1.056794802356710722e-02 4.413003896055586045e-02
7.779619761826358712e-03 3.992436541857411619e-02
5.359082659085365533e-03 3.574594472217026975e-02
3.306129003611713024e-03 3.159957575737126767e-02
1.620264338329209866e-03 2.748959886572630365e-02
3.007169070775011360e-04 2.341987833311003769e-02
-6.535535202165550228e-04 1.939378711216555029e-02
-1.243847539986932087e-03 1.541419386022130529e-02
-1.471718808997322155e-03 1.148345236374740189e-02
-1.338967610126764150e-03 7.603393409284940965e-03
-8.476353458283295266e-04 3.775319149338402392e-03
0.000000000000000000e+00 0.000000000000000000e+00
1.190310370271069644e-03 -3.681647993709745697e-03
2.709432855552930917e-03 -7.229013680357606469e-03
4.554385075869358743e-03 -1.064224045592322698e-02
6.721952171713642225e-03 -1.392154629479216109e-02
9.208692146406172868e-03 -1.706722252069321072e-02
1.201094249778472851e-02 -2.007963339358068144e-02
1.512482809771617358e-02 -2.295921649242589971e-02
1.854627026258259814e-02 -2.570648386686336453e-02
2.227099694323807916e-02 -2.832202392383532941e-02
2.629455394910532734e-02 -3.080650400881981138e-02
3.061231710823984070e-02 -3.316067363494378667e-02
3.521950525345438066e-02 -3.538536830728878507e-02
4.011119391411087365e-02 -3.748151388402894135e-02
4.528232958404616176e-02 -3.945013141071457979e-02
5.072774442841310183e-02 -4.129234235906176220e-02
5.644217128607406653e-02 -4.300937419705373743e-02
6.242025881964335943e-02 -4.460256621302761265e-02
6.865658666240501140e-02 -4.607337551274125198e-02
7.514568041016199407e-02 -4.742338310521583555e-02
8.188202630663164727e-02 -4.865429999045785270e-02
8.886008547329130036e-02 -4.976797316001291271e-02
9.607430753858524353e-02 -5.076639141971864277e-02
1.035191435271022586e-01 -5.165169094304015995e-02
1.111890578766691479e-01 -5.242616046301714489e-02
1.190785394602151132e-01 -5.309224601116051268e-02
1.271821114996622426e-01 -5.365255511263596067e-02
1.354943402708803923e-01 -5.410986034879785439e-02
1.440098425117990188e-01 -5.446710220061028174e-02
1.527232914599478963e-01 -5.472739108974669642e-02
1.616294214608585411e-01 -5.489400853821326670e-02
1.707230311047280291e-01 -5.497040737221449425e-02
1.799989848653433810e-01 -5.496021090168688727e-02
1.894522132322978281e-01 -5.486721101347299262e-02
1.990777113447933233e-01 -5.469536512349335716e-02
2.088705361526067006e-01 -5.444879194148617013e-02
2.188258021468773018e-01 -5.413176601090644025e-02
2.289386757200341516e-01 -5.374871099636558541e-02
2.392043682301953356e-01 -5.330419170151525637e-02
2.496181278605202336e-01 -5.280290481145970272e-02
2.601752303780687225e-01 -5.224966836555594574e-02
2.708709689095076811e-01 -5.164940997872737721e-02
2.817006428623199943e-01 -5.100715384207307745e-02
2.926595461298406864e-01 -5.032800654647515831e-02
3.037429547263157947e-01 -4.961714178594683194e-02
3.149461140041204810e-01 -4.887978401048022337e-02
3.262642256091978776e-01 -4.812119111096796464e-02
3.376924343326057620e-01 -4.734663623122204595e-02
3.492258150157608321e-01 -4.656138881400513629e-02
3.608593596645514046e-01 -4.577069499914269285e-02
3.725879649229845159e-01 -4.497975750201169826e-02
3.844064200505216133e-01 -4.419371510981630335e-02
3.963093955388561351e-01 -4.341762194089579530e-02
4.086196534771188715e-01 -4.264288625003025135e-02
4.211445620186318184e-01 -4.183343776547288062e-02
4.337292302568329649e-01 -4.099035638896098011e-02
4.463660355267176638e-01 -4.011735563708093699e-02
4.590472693330061582e-01 -3.921808441612107538e-02
4.717651394907810825e-01 -3.829611296155287919e-02
4.845117727399337881e-01 -3.735491960269957806e-02
4.972792178258342299e-01 -3.639787844644310627e-02
5.100594490338430376e-01 -3.542824806349670341e-02
5.228443701609378769e-01 -3.444916124972213084e-02
5.356258189038842765e-01 -3.346361592332283003e-02
5.483955716400906732e-01 -3.247446720664327185e-02
5.611453485745933056e-01 -3.148442072888657517e-02
5.738668192245121036e-01 -3.049602717347753983e-02
5.865516082108548357e-01 -2.951167808118509289e-02
5.991913013266827459e-01 -2.853360290763253676e-02
6.117774518503988901e-01 -2.756386732159100267e-02
6.243015870732437911e-01 -2.660437271862174657e-02
6.367552150109486719e-01 -2.565685691332650342e-02
6.491298312708597695e-01 -2.472289596280387997e-02
6.614169260476515655e-01 -2.380390706400870027e-02
6.736079912229402389e-01 -2.290115245866430199e-02
6.856945275466054257e-01 -2.201574427127616501e-02
6.976680518803788367e-01 -2.114865019871173257e-02
7.095201044871748408e-01 -2.030069996380928082e-02
7.212422563526433850e-01 -1.947259244059657696e-02
7.328261165284487566e-01 -1.866490335498079828e-02
7.442633394897524290e-01 -1.787809346222044710e-02
7.555456325022038566e-01 -1.711251710111565127e-02
7.666647629963952992e-01 -1.636843102464416444e-02
7.776125659501149645e-01 -1.564600340769283643e-02
7.883809512808016562e-01 -1.494532293455861499e-02
7.989619112523257405e-01 -1.426640787195968332e-02
8.093475279015265311e-01 -1.360921503734621382e-02
8.195299804908302566e-01 -1.297364857725768345e-02
8.295015529937133092e-01 -1.235956847625419713e-02
8.392546416197618209e-01 -1.176679872346946334e-02
8.487817623856068749e-01 -1.119513507098053237e-02
8.580755587370996196e-01 -1.064435232588234817e-02
8.671288092267422920e-01 -1.011421112606685629e-02
8.759344352486487795e-01 -9.604464158141607505e-03
8.844855088311938118e-01 -9.114861784564887159e-03
8.927752604850884843e-01 -8.645157055816674735e-03
9.007970871019027603e-01 -8.195110092155569875e-03
9.085445598951533697e-01 -7.764491828130761983e-03
9.160114323729923180e-01 -7.353087121417550831e-03
9.231916483283608699e-01 -6.960697235633445112e-03
9.300793498292856398e-01 -6.587141714478047388e-03
9.366688851888258505e-01 -6.232259671733294398e-03
9.429548168911204842e-01 -5.895910528299800474e-03
9.489319294470996979e-01 -5.577974233443550381e-03
9.545952371507434586e-01 -5.278351012743616628e-03
9.599399917043923702e-01 -4.996960689803394036e-03
9.649616896795600862e-01 -4.733741632582320370e-03
9.696560797780258145e-01 -4.488649378191461592e-03
9.740191698567265410e-01 -4.261654992147806756e-03
9.780472336791744548e-01 -4.052743219402131156e-03
9.817368173557952105e-01 -3.861910484926817967e-03
9.850847454357464228e-01 -3.689162801297260486e-03
9.880881266134502461e-01 -3.534513639532417886e-03
9.907443590142317458e-01 -3.397981817513639688e-03
9.930511350251176594e-01 -3.279589457599724894e-03
9.950064456389747791e-01 -3.179360061662723971e-03
9.966085842827482333e-01 -3.097316747718014372e-03
9.978561501035471126e-01 -3.033480687687767265e-03
9.987480506896913024e-01 -2.987869780672092277e-03
9.992835042075303154e-01 -2.960497590490125414e-03
9.994620409388059734e-01 -2.951372570259320084e-03
