# NACA 4-digit  m=0.037985 p=0.400 t/c=0.032549  unit chord, x y
1.000376840719671145e+00 2.976237737815587772e-03
1.000206180926359378e+00 3.004132998656946271e-03
9.996943147256091011e-01 3.087753875936477370e-03
9.988415816009044157e-01 3.226905853801824778e-03
9.976485471776020963e-01 3.421265404384020783e-03
9.961160029515387926e-01 3.670380981948388483e-03
9.942449659076494362e-01 3.973674407386718933e-03
9.920366780272049656e-01 4.330442635805837118e-03
9.894926056819197679e-01 4.739859898005569123e-03
9.866144389128589376e-01 5.200980204755021111e-03
9.834040905917994513e-01 5.712740200985342957e-03
9.798636954624599937e-01 6.273962355338557305e-03
9.759956090588312039e-01 6.883358468953311958e-03
9.718024064977055509e-01 7.539533485949194251e-03
9.672868811424329971e-01 8.240989586795779281e-03
9.624520431349083971e-01 8.986130544637059570e-03
9.573011177928433257e-01 9.773266323688901275e-03
9.518375438694767210e-01 1.060061789804786665e-02
9.460649716730378245e-01 1.146632226864494238e-02
9.399872610434931719e-01 1.236843765565380504e-02
9.336084791843809461e-01 1.330494884341816911e-02
9.269328983478524187e-01 1.427377265489919791e-02
9.199649933714029171e-01 1.527276353275569890e-02
9.127094390651806499e-01 1.629971920445535960e-02
9.051711074491899378e-01 1.735238640926725640e-02
8.973550648401641405e-01 1.842846666559609312e-02
8.892665687883675174e-01 1.952562205787782001e-02
8.809110648650569919e-01 2.064148102315419703e-02
8.722941833018384994e-01 2.177364411846581180e-02
8.634217354836256630e-01 2.291968975133764838e-02
8.542997102973788337e-01 2.407717985686195009e-02
8.449342703392561660e-01 2.524366550619368613e-02
8.353317479832228498e-01 2.641669243264909567e-02
8.254986413145555257e-01 2.759380646301816398e-02
8.154416099320191957e-01 2.877255884315166670e-02
8.051674706228028056e-01 2.995051144834175519e-02
7.946831929145409257e-01 3.112524187046741830e-02
7.839958945089542386e-01 3.229434837530153340e-02
7.731128366017808728e-01 3.345545472475842941e-02
7.620414190937594423e-01 3.460621486018337911e-02
7.507891756974516273e-01 3.574431744403218369e-02
7.393637689446758143e-01 3.686749025844355404e-02
7.277729850992343819e-01 3.797350446025869741e-02
7.160247289795004244e-01 3.906017869297549044e-02
7.041270186952559573e-01 4.012538305693134910e-02
6.920879803029530430e-01 4.116704293967880790e-02
6.799158423833390197e-01 4.218314270904303248e-02
6.676189305450992428e-01 4.317172927172915897e-02
6.552056618578877556e-01 4.413091550057179902e-02
6.426845392178122118e-01 4.505888353359258774e-02
6.300641456481286262e-01 4.595388794795239595e-02
6.173531385376043179e-01 4.681425881165805769e-02
6.045602438187214211e-01 4.763840461551326066e-02
5.916942500876247735e-01 4.842481508729776229e-02
5.787640026674871763e-01 4.917206388952771040e-02
5.657783976167682916e-01 4.987881120140373603e-02
5.527463756836926700e-01 5.054380618470567799e-02
5.396769162081693771e-01 5.116588933245819898e-02
5.265790309723379359e-01 5.174399469818584396e-02
5.134617580009358528e-01 5.227715200251696614e-02
5.003341553127651498e-01 5.276448861280107205e-02
4.872052946246864802e-01 5.320523139029328941e-02
4.740842550097690289e-01 5.359870839835156192e-02
4.609801165115146593e-01 5.394435046400741091e-02
4.479019537164042886e-01 5.424169258422815998e-02
4.348588292874198125e-01 5.449037516720934421e-02
4.218597874616466514e-01 5.469014509813607816e-02
4.089138475155685293e-01 5.484085661805414985e-02
3.960123005111623740e-01 5.494038405509309164e-02
3.831420247031874227e-01 5.495774763244271055e-02
3.703516403724100292e-01 5.488339201740208284e-02
3.576502082270299754e-01 5.471851261773724717e-02
3.450467341244171093e-01 5.446452653330123572e-02
3.325501614301253350e-01 5.412306877530028565e-02
3.201693633485473423e-01 5.369598788065287759e-02
3.079131352413527201e-01 5.318534091896788552e-02
2.957901869509977910e-01 5.259338789163113537e-02
2.838091351475955371e-01 5.192258552462794552e-02
2.719784957182628804e-01 5.117558045902650260e-02
2.603066762187175032e-01 5.035520184548929190e-02
2.488019684073438931e-01 4.946445335174681768e-02
2.374725408821895811e-01 4.850650459464064812e-02
2.263264318413801823e-01 4.748468201109928843e-02
2.153715419872406500e-01 4.640245918522643148e-02
2.046156275939896574e-01 4.526344665153319430e-02
1.940662937582326164e-01 4.407138119720976216e-02
1.837309878506222516e-01 4.283011468918126313e-02
1.736169931859913307e-01 4.154360245450336442e-02
1.637314229280090461e-01 4.021589124540043275e-02
1.540812142429777987e-01 3.885110682290862649e-02
1.446731227157945776e-01 3.745344119563533830e-02
1.355137170393687085e-01 3.602713955256239831e-02
1.266093739869384449e-01 3.457648693108318627e-02
1.179662736747859597e-01 3.310579466355364348e-02
1.095903951208407751e-01 3.161938664753671108e-02
1.014875121026095756e-01 3.012158548661275637e-02
9.366318931580260021e-02 2.861669855010125219e-02
8.612277883297186909e-02 2.710900400127923965e-02
7.887141685946051639e-02 2.560273684467926844e-02
7.191402078200574699e-02 2.410207504379514171e-02
6.525528650347589554e-02 2.261112576101228372e-02
5.889968605546604813e-02 2.113391177180485095e-02
5.285146547885880702e-02 1.967435810520267586e-02
4.711464296098929333e-02 1.823627896222553696e-02
4.169300721675810173e-02 1.682336496341155230e-02
3.659011609992818964e-02 1.543917077573304583e-02
3.180929542993184839e-02 1.408710316810108006e-02
2.735363801881387016e-02 1.277040954331407421e-02
2.322600288245553826e-02 1.149216699271442613e-02
1.942901461996196164e-02 1.025527191798681313e-02
1.596506294505957435e-02 9.062430262474028414e-03
1.283630235353360426e-02 7.916148392109275192e-03
1.004465191114068193e-02 6.818724663581913342e-03
7.591795147047115944e-03 5.772241714677966117e-03
5.479180038659636418e-03 4.778559508880117664e-03
3.708019074727350074e-03 3.839309163292179208e-03
2.279289384776288403e-03 2.955887585780227634e-03
1.193732924286026054e-03 2.129452943917929924e-03
4.518567065039888215e-04 1.360920984898800158e-03
5.393307340329213883e-05 6.509622220532609166e-04
0.000000000000000000e+00 0.000000000000000000e+00
2.887419510394479511e-04 -5.858937073651259830e-04
9.186085389221779456e-04 -1.100858719976814193e-03
1.888933342586010099e-03 -1.545106471273943781e-03
3.198815246950421735e-03 -1.919022401578078778e-03
4.847119551462267771e-03 -2.223164884115599871e-03
6.832479366202593232e-03 -2.458263837805439202e-03
9.153297288998267500e-03 -2.625219026406766347e-03
1.180774735505362924e-02 -2.725098043278612048e-03
1.479377724878983870e-02 -2.759133980703586467e-03
1.810911076587211344e-02 -2.728722782479258736e-03
2.175125051184498629e-02 -2.635420278292216825e-03
2.571748082239093056e-02 -2.480938898268151074e-03
3.000487088900770025e-02 -2.267144066044976362e-03
3.461027807286640862e-02 -1.996050268751015447e-03
3.953035138878507188e-02 -1.669816802394033343e-03
4.476153514064103167e-02 -1.290743191384438257e-03
5.030007268915007851e-02 -8.612642812332142739e-04
5.614201033277329417e-02 -3.839450038864555131e-04
6.228320128256856908e-02 1.385251843125309690e-04
6.871930971208539685e-02 7.033381914024940812e-04
7.544581486390196379e-02 1.307573503940659410e-03
8.245801519511543332e-02 1.948204724244648883e-03
8.975103254501243244e-02 2.622106427506572593e-03
9.731981630924994853e-02 3.326061334450763907e-03
1.051591476061551483e-01 4.056767794000130586e-03
1.132636434221883232e-01 4.810847569101913204e-03
1.216277607251831094e-01 5.584853917445837049e-03
1.302458005356671999e-01 6.375279957293165933e-03
1.391119119483435473e-01 7.178567307030368425e-03
1.482200960976578497e-01 7.991114985375606314e-03
1.575642100632681786e-01 8.809288557410291723e-03
1.671379707131327164e-01 9.629429509792607547e-03
1.769349584838250111e-01 1.044786483664914174e-02
1.869486210995402464e-01 1.126091681574870745e-02
1.971722772330467277e-01 1.206491295265518099e-02
2.075991201135372055e-01 1.285619606865036346e-02
2.182222210879264102e-01 1.363113450633321455e-02
2.290345331435926224e-01 1.438613242495512604e-02
2.400288944018615089e-01 1.511764015576540221e-02
2.511980315926559681e-01 1.582216458593446728e-02
2.625345635216739248e-01 1.649627953801899305e-02
2.740310045421903706e-01 1.713663611045059681e-02
2.856797680441092169e-01 1.773997294319333562e-02
2.974731699732018342e-01 1.830312637154329902e-02
3.094034323935574426e-01 1.882304043005582003e-02
3.214626871061522784e-01 1.929677666780452855e-02
3.336429793361035956e-01 1.972152373561569111e-02
3.459362715006354394e-01 2.009460670559962137e-02
3.583344470690472683e-01 2.041349608323223333e-02
3.708293145250690093e-01 2.067581647243436557e-02
3.834126114409070474e-01 2.087935485456675344e-02
3.960760086710782280e-01 2.102206844300695543e-02
4.088506269922837499e-01 2.111237724401835575e-02
4.217057474981223963e-01 2.117960739698471553e-02
4.346149784925285031e-01 2.122487072320059648e-02
4.475695830159420741e-01 2.124732109640557753e-02
4.605607877606403000e-01 2.124619774891355756e-02
4.735797887472870116e-01 2.122082831482117321e-02
4.866177570674402042e-01 2.117063152808778062e-02
4.996658446872346837e-01 2.109511955912120665e-02
5.127151903069372407e-01 2.099389997577483236e-02
5.257569252706055796e-01 2.086667731704019979e-02
5.387821795196754415e-01 2.071325427018736592e-02
5.517820875839606343e-01 2.053353244463547445e-02
5.647477946032830598e-01 2.032751273840847916e-02
5.776704623727435539e-01 2.009529529561836919e-02
5.905412754045225032e-01 1.983707905600083643e-02
6.033514469990377549e-01 1.955316090007704066e-02
6.160922253183009900e-01 1.924393439601343458e-02
6.287548994543921133e-01 1.890988815667150880e-02
6.413308054861102114e-01 1.855160381766330496e-02
6.538113325170596957e-01 1.816975364943569649e-02
6.661879286886716045e-01 1.776509781847753974e-02
6.784521071619610266e-01 1.733848131466382558e-02
6.905954520621365722e-01 1.689083056350342352e-02
7.026096243805441954e-01 1.642314974363038790e-02
7.144863678287943776e-01 1.593651683126090512e-02
7.262175146403123671e-01 1.543207939452207259e-02
7.377949913149323136e-01 1.491105016153644602e-02
7.492108243025481507e-01 1.437470238691509507e-02
7.604571456221893566e-01 1.382436504186977839e-02
7.715261984132458783e-01 1.326141785350114059e-02
7.824103424158783682e-01 1.268728621895930109e-02
7.931020593779319894e-01 1.210343602010889065e-02
8.035939583859176283e-01 1.151136836406987593e-02
8.138787811178180842e-01 1.091261427455840829e-02
8.239494070156279104e-01 1.030872935832693495e-02
8.337988583756349437e-01 9.701288470214284795e-03
8.434203053544977458e-01 9.091880399375754790e-03
8.528070708891686280e-01 8.482102598188785009e-03
8.619526355286618591e-01 7.873555974132251389e-03
8.708506421755555227e-01 7.267839763640106775e-03
8.794949007349740500e-01 6.666546505544365675e-03
8.878793926686031623e-01 6.071257130270625059e-03
8.959982754510708025e-01 5.483536179446700347e-03
9.038458869257575135e-01 4.904927169051851409e-03
9.114167495568348265e-01 4.336948107685942820e-03
9.187055745740211332e-01 3.781087179994461860e-03
9.257072660062397595e-01 3.238798603762481181e-03
9.324169246000574285e-01 2.711498667703083482e-03
9.388298516184720999e-01 2.200561955532674002e-03
9.449415525153299633e-01 1.707317760555127420e-03
9.507477404803835741e-01 1.233046693687600212e-03
9.562443398497574298e-01 7.789774866598878772e-04
9.614274893763783414e-01 3.462839910195981627e-04
9.662935453547686349e-01 -6.391762741695967281e-05
9.708390845944727676e-01 -4.505714999047073441e-04
9.750609072363224383e-01 -8.126844738927888750e-04
9.789560394057330583e-01 -1.149328342556166400e-03
9.825217356972687499e-01 -1.459641887867473356e-03
9.857554814848176195e-01 -1.742832740722031386e-03
9.886549950518859209e-01 -1.998179061886155156e-03
9.912182295367495399e-01 -2.225031047675094485e-03
9.934433746874883342e-01 -2.422812264286631524e-03
9.953288584222717006e-01 -2.591020814626648124e-03
9.968733481906711935e-01 -2.729230341270877033e-03
9.980757521322236592e-01 -2.837090868921111723e-03
9.989352200289646211e-01 -2.914329489344869538e-03
9.994511440491978815e-01 -2.960750891346597500e-03
9.996231592803287436e-01 -2.976237737815587772e-03
