# NACA 4-digit  m=0.032303 p=0.400 t/c=0.025128  unit chord, x y
1.000321172008596049e+00 2.982758545523648240e-03
1.000150246889298433e+00 3.005887916231569836e-03
9.996375862213853214e-01 3.075221826284420604e-03
9.987835340116830718e-01 3.190597835419545919e-03
9.975886633944076598e-01 3.351745762180518510e-03
9.960537763150092427e-01 3.558288509412288123e-03
9.941799030867277676e-01 3.809743214027854884e-03
9.919683018190652568e-01 4.105522715179162757e-03
9.894204577171707982e-01 4.444937333374709282e-03
9.865380822509637326e-01 4.827196951558380446e-03
9.833231121926722107e-01 5.251413387710566691e-03
9.797777085213392745e-01 5.716603047168660259e-03
9.759042551927664677e-01 6.221689841595686235e-03
9.717053577733122394e-01 6.765508360368651525e-03
9.671838419359495287e-01 7.346807279115696171e-03
9.623427518170114547e-01 7.964252989215981487e-03
9.571853482321207585e-01 8.616433431290586309e-03
9.517151067499030059e-01 9.301862115065163278e-03
9.459357156222237828e-01 1.001898230747664230e-02
9.398510735698734075e-01 1.076617137053140043e-02
9.334652874228390740e-01 1.154174523019981663e-02
9.267826696145456955e-01 1.234396295755370472e-02
9.198077355297273883e-01 1.317103144341408294e-02
9.125452007058949544e-01 1.402111014797555177e-02
9.049999778886805846e-01 1.489231590720466181e-02
8.971771739416822822e-01 1.578272777826634013e-02
8.890820866117826737e-01 1.669039190680733295e-02
8.807202011512652584e-01 1.761332639961100260e-02
8.720971867984145254e-01 1.854952618692143687e-02
8.632188931186335346e-01 1.949696785960858963e-02
8.540913462084541719e-01 2.045361446729631813e-02
8.447207447651470247e-01 2.141742026458960321e-02
8.351134560249415806e-01 2.238633539360380606e-02
8.252760115731538892e-01 2.335831049210239374e-02
8.152151030297745127e-01 2.433130121767809045e-02
8.049375776143004035e-01 2.530327267954934206e-02
7.944504335937776496e-01 2.627220377067871274e-02
7.837608156181893326e-01 2.723609139403525281e-02
7.728760099474334400e-01 2.819295457790764806e-02
7.618034395742221410e-01 2.914083847621510778e-02
7.505506592472744876e-01 3.007781825074749837e-02
7.391253503991831453e-01 3.100200283318106653e-02
7.275353159833013450e-01 3.191153856555493940e-02
7.157884752239379589e-01 3.280461271864212880e-02
7.038928582840521253e-01 3.367945688830348977e-02
6.918566008545123935e-01 3.453435027046392047e-02
6.796879386688512437e-01 3.536762281579284434e-02
6.673952019472689789e-01 3.617765826550271846e-02
6.549868097734731220e-01 3.696289706989502877e-02
6.424712644077483770e-01 3.772183919138567126e-02
6.298571455394628149e-01 3.845304679372820583e-02
6.171531044820286471e-01 3.915514681902926286e-02
6.043678583131604221e-01 3.982683345391808960e-02
5.915101839631005110e-01 4.046687048589767133e-02
5.785889122533407480e-01 4.107409355047526162e-02
5.656129218882437470e-01 4.164741226915445738e-02
5.525911334018718257e-01 4.218581227777738751e-02
5.395325030622667439e-01 4.268835714404735360e-02
5.264460167354021447e-01 4.315419017234940757e-02
5.133406837110356946e-01 4.358253609323287092e-02
5.002255304927407664e-01 4.397270263413903535e-02
4.871095945544967609e-01 4.432408196716371152e-02
4.740019180663441745e-01 4.463615202885200250e-02
4.609115415917946490e-01 4.490847770624752100e-02
4.478474977599022355e-01 4.514071188267329560e-02
4.348188049151567314e-01 4.533259633602449573e-02
4.218344607486537168e-01 4.548396248171406031e-02
4.089034359143183806e-01 4.559473195184994554e-02
3.960228089601506851e-01 4.566314811990949268e-02
3.831867239879995779e-01 4.566300921573199223e-02
3.704306613666188963e-01 4.558626395601059894e-02
3.577635533399148859e-01 4.543396683743648745e-02
3.451942751110871344e-01 4.520735764485730307e-02
3.327316378329741031e-01 4.490785808046015432e-02
3.203843815944998896e-01 4.453706789756262108e-02
3.081611684146365882e-01 4.409676053847272348e-02
2.960705752560667814e-01 4.358887827734507503e-02
2.841210870714110381e-01 4.301552687055738150e-02
2.723210898954682158e-01 4.237896971884916320e-02
2.606788639973856014e-01 4.168162154729487812e-02
2.492025771070227602e-01 4.092604161111297600e-02
2.379002777299835947e-01 4.011492643732915420e-02
2.267798885658716679e-01 3.925110211440063779e-02
2.158492000442504555e-01 3.833751614405311869e-02
2.051158639925778626e-01 3.737722887176497810e-02
1.945873874500245182e-01 3.637340451453890261e-02
1.842711266405810122e-01 3.532930180680854404e-02
1.741742811182145079e-01 3.424826428751967522e-02
1.643038880960609460e-01 3.313371025358271410e-02
1.546668169707377249e-01 3.198912240699726406e-02
1.452697640518477162e-01 3.081803722498147741e-02
1.361192475056310358e-01 2.962403408438078062e-02
1.272216025205180068e-01 2.841072417346600376e-02
1.185829767010620622e-01 2.718173922594188663e-02
1.102093256954002204e-01 2.594072011355971416e-02
1.021064090600204421e-01 2.469130533514639347e-02
9.427978636422128245e-02 2.343711944111477596e-02
8.673481353525701321e-02 2.218176143359408894e-02
7.947663944378118017e-02 2.092879318320450821e-02
7.251020272785185794e-02 1.968172790418742241e-02
6.584022885246601509e-02 1.844401873008541526e-02
5.947122740035631211e-02 1.721904743243727817e-02
5.340748958863417856e-02 1.601011332500932444e-02
4.765308600480836626e-02 1.482042239592212124e-02
4.221186455476178684e-02 1.365307670964970542e-02
3.708744861444617652e-02 1.251106412026748924e-02
3.228323537635904850e-02 1.139724833650623825e-02
2.780239438131165697e-02 1.031435937813622930e-02
2.364786622558653559e-02 9.264984461962571041e-03
1.982236143332053932e-02 8.251559354264883378e-03
1.632835948383994443e-02 7.276360224870470281e-03
1.316810798371296706e-02 6.341496036215803211e-03
1.034362197347699075e-02 5.448901498738613694e-03
7.856683359333633751e-03 4.600330621760642669e-03
5.708840460578641814e-03 3.797350886680489999e-03
3.901407664144936494e-03 3.041338066811544345e-03
2.435465178365164157e-03 2.333471715581077188e-03
1.311858878905594952e-03 1.674731342071005035e-03
5.312002407642104447e-04 1.065893290039611084e-03
9.386635125496773778e-05 5.075283336339697724e-04
0.000000000000000000e+00 0.000000000000000000e+00
2.488086731877723928e-04 -4.521932874174389009e-04
8.392650046619563224e-04 -8.447332171901555812e-04
1.770807387966441201e-03 -1.177796085054635044e-03
3.042639453361545981e-03 -1.451709112529068774e-03
4.653730962044680917e-03 -1.666949565561104928e-03
6.602818944283587836e-03 -1.824143586493782001e-03
8.888409076711749693e-03 -1.924064739027774159e-03
1.150877729271732042e-02 -1.967632265632702007e-03
1.446197161861047589e-02 -1.955909056673378697e-03
1.774581422709174336e-02 -1.890099330376652370e-03
2.135790369848640860e-02 -1.771546022678957815e-03
2.529561747925993323e-02 -1.601727885970509468e-03
2.955611452650991344e-02 -1.382256295796183664e-03
3.413633812643920851e-02 -1.114871764691597288e-03
3.903301887426708500e-02 -8.014401625314028846e-04
4.424267780263734656e-02 -4.439486430497588398e-04
4.976162964533100558e-02 -4.450127656498940182e-05
5.558598622299792263e-02 3.946856105955433985e-04
6.171165993767830510e-02 8.712883889156197714e-04
6.813436736309527730e-02 1.382881369045971601e-03
7.484963291805585284e-02 1.926942333234723734e-03
8.185279261079476953e-02 2.500858351523714551e-03
8.913899784272728832e-02 3.101931878459317921e-03
9.670321926083126629e-02 3.727387125031612208e-03
1.045402506487442817e-01 4.374376699432152085e-03
1.126447128476288778e-01 5.039988509013635515e-03
1.210110576989070069e-01 5.721252914549631793e-03
1.296335720020876381e-01 6.415150126537269917e-03
1.385063814820812200e-01 7.118617831867811441e-03
1.476234547616047110e-01 7.828559037719428834e-03
1.569786073355082523e-01 8.541850118013886994e-03
1.665655055450808164e-01 9.255349046235013602e-03
1.763776705516018339e-01 9.965903796845412485e-03
1.864084823095814858e-01 1.067036089597198610e-02
1.966511835412548259e-01 1.136557410047433526e-02
2.070988837149490003e-01 1.204841318297916915e-02
2.177445630309166047e-01 1.271577279897295569e-02
2.285810764191011368e-01 1.336458141061097095e-02
2.396011575540674954e-01 1.399181024053986096e-02
2.507974228929771288e-01 1.459448222775900326e-02
2.621623757430058266e-01 1.516968095638020556e-02
2.736884103649850353e-01 1.571455952710064385e-02
2.853678161202937158e-01 1.622634934029738157e-02
2.971927816681328438e-01 1.670236875889712785e-02
3.091553992202735746e-01 1.714003161858546412e-02
3.212476688601997310e-01 1.753685555251050660e-02
3.334615029332548275e-01 1.789047009741557420e-02
3.457887305139654144e-01 1.819862454811533442e-02
3.582211019561623577e-01 1.845919552741833239e-02
3.707502935308601422e-01 1.867019423900024427e-02
3.833679121560948921e-01 1.882977337135337270e-02
3.960655002220899168e-01 1.893623362177752206e-02
4.088610385935338987e-01 1.899681015106426119e-02
4.217310742111153310e-01 1.903658606432194825e-02
4.346550028647915842e-01 1.905655793809041959e-02
4.476240389724441271e-01 1.905605180371061635e-02
4.606293626803603103e-01 1.903446736249802054e-02
4.736621256907118660e-01 1.899128040549838067e-02
4.867134571376299235e-01 1.892604494457671496e-02
4.997744695072591226e-01 1.883839504216058489e-02
5.128362645968373990e-01 1.872804632877423520e-02
5.258899395075413707e-01 1.859479719939635331e-02
5.389265926655780747e-01 1.843852968163772754e-02
5.519373298657814786e-01 1.825920997074478164e-02
5.649132703318076043e-01 1.805688862847524417e-02
5.778455527868899821e-01 1.783170044494266498e-02
5.907253415290467657e-01 1.758386396457137235e-02
6.035438325045987540e-01 1.731368067932101060e-02
6.162922593738766608e-01 1.702153389431683775e-02
6.289618995630579246e-01 1.670788727293740644e-02
6.415440802961740463e-01 1.637328307025155694e-02
6.540301846014743292e-01 1.601834006544547787e-02
6.664116572865018684e-01 1.564375120552371004e-02
6.786800108764488026e-01 1.525028097409307330e-02
6.908268315105772217e-01 1.483876250043365992e-02
7.028437847917480275e-01 1.441009442531641059e-02
7.147226215843568431e-01 1.396523754113372998e-02
7.264551837562454040e-01 1.350521122486222914e-02
7.380334098604249826e-01 1.303108968316863021e-02
7.494493407527252904e-01 1.254399802959869394e-02
7.606951251417266580e-01 1.204510821425354775e-02
7.717630250675933112e-01 1.153563482665669396e-02
7.826454213066432741e-01 1.101683079265176023e-02
7.933348186986952655e-01 1.048998298614842520e-02
8.038238513944200303e-01 9.956407776356373737e-03
8.141052880200627673e-01 9.417446530823173068e-03
8.241720367570295469e-01 8.874461094126718727e-03
8.340171503339162129e-01 8.328829261478779000e-03
8.436338309286068871e-01 7.781940265779999782e-03
8.530154349780932899e-01 7.235190295844285552e-03
8.621554778936539876e-01 6.689978062588376392e-03
8.710476386789794967e-01 6.147700428979806404e-03
8.796857644487657835e-01 5.609748118461181307e-03
8.880638748451880060e-01 5.077501515438381102e-03
8.961761663495526609e-01 4.552326570246970072e-03
9.040170164862668667e-01 4.035570819810000744e-03
9.115809879161205220e-01 3.528559533984146519e-03
9.188628324156966620e-01 3.032591996374790246e-03
9.258574947395464827e-01 2.548937927196924524e-03
9.325601163615993006e-01 2.078834054578974910e-03
9.389660390920918642e-01 1.623480839566274203e-03
9.450708085661440050e-01 1.184039358986130330e-03
9.508701775999572892e-01 7.616283493024024118e-04
9.563601094104799971e-01 3.573214136194683907e-04
9.615367806942752837e-01 -2.785560689565896864e-05
9.663965845612521033e-01 -3.929270967141470540e-04
9.709361333188660792e-01 -7.369699650311735406e-04
9.751522611023871745e-01 -1.059115781127384359e-03
9.790420263468537776e-01 -1.358552747430864446e-03
9.826027140963959905e-01 -1.634527512140682495e-03
9.858318381467128244e-01 -1.886346823612585584e-03
9.887271430166348907e-01 -2.113379028950882789e-03
9.912866057448892487e-01 -2.315055419399960398e-03
9.935084375084100028e-01 -2.490871425187714868e-03
9.953910850588012504e-01 -2.640387662446713919e-03
9.969332319738656301e-01 -2.763230834732690721e-03
9.981337997214450031e-01 -2.859094491480394101e-03
9.989919485331884008e-01 -2.927739645492148830e-03
9.995070780862587156e-01 -2.968995251253827520e-03
9.996788279914039510e-01 -2.982758545523648240e-03
