# NACA 4-digit  m=0.054682 p=0.400 t/c=0.171208  unit chord, x y
1.000537959061194027e+00 2.951372570259323987e-03
1.000372749686866625e+00 3.017071599783672890e-03
9.998772054549265320e-01 3.214027267919303005e-03
9.990515781541212670e-01 3.541815816373347636e-03
9.978962878159522987e-01 3.999732654201216403e-03
9.964119232837381768e-01 4.586794853663348284e-03
9.945992429967543957e-01 5.301744617655368419e-03
9.924591759771405064e-01 6.143053692272490950e-03
9.899928230040603294e-01 7.108928690987894976e-03
9.872014579566498194e-01 8.197317290192065661e-03
9.840865293046073825e-01 9.405915249519268898e-03
9.806496617229187862e-01 1.073217420455892593e-02
9.768926578052099519e-01 1.217331017425565300e-02
9.728174998485921154e-01 1.372631272062000037e-02
9.684263516816463691e-01 1.538795469432896121e-02
9.637215605063933488e-01 1.715480249645619931e-02
9.587056587247151374e-01 1.902322678395484620e-02
9.533813657197538483e-01 2.098941354466274736e-02
9.477515895632728782e-01 2.304937546651916053e-02
9.418194286208498855e-01 2.519896352539906931e-02
9.355881730280295461e-01 2.743387871647569309e-02
9.290613060121789557e-01 2.974968385532192686e-02
9.222425050367297761e-01 3.214181537703313107e-02
9.151356427467188803e-01 3.460559506447921652e-02
9.077447876969950702e-01 3.713624164034452085e-02
9.000742048471157553e-01 3.972888216184144311e-02
8.921283558097511390e-01 4.237856316185065891e-02
8.839118988422819401e-01 4.508026148568339275e-02
8.754296885741857936e-01 4.782889477861868022e-02
8.666867754656820688e-01 5.061933158577437697e-02
8.576884049958907186e-01 5.344640103264255981e-02
8.484400165814243167e-01 5.630490206168133061e-02
8.389472422287909126e-01 5.918961220761823072e-02
8.292159049262203263e-01 6.209529590149405476e-02
8.192520167824727251e-01 6.501671230087224806e-02
8.090617769218325650e-01 6.794862265095663600e-02
7.986515691457711785e-01 7.088579718851226175e-02
7.880279593726863263e-01 7.382302160737419516e-02
7.771976928676564977e-01 7.675510311085978477e-02
7.661676912742874102e-01 7.967687608249152120e-02
7.549450494604661444e-01 8.258320741199966231e-02
7.435370321892009748e-01 8.546900151852540595e-02
7.319510706247028820e-01 8.832920511721972789e-02
7.201947586825135916e-01 9.115881177895771015e-02
7.082758492308099951e-01 9.395286633561317213e-02
6.962022501480710224e-01 9.670646918521094704e-02
6.839820202401305504e-01 9.941478055225999588e-02
6.716233650172920289e-01 1.020730247586466299e-01
6.591346323297290200e-01 1.046764945596112550e-01
6.465243078568820856e-01 1.072205555975540014e-01
6.338010104440626735e-01 1.097006510237126808e-01
6.209734872770421577e-01 1.121123063341622483e-01
6.080506088831229006e-01 1.144511344621307602e-01
5.950413639450947700e-01 1.167128411633573393e-01
5.819548539126647713e-01 1.188932307251967802e-01
5.688002873944459914e-01 1.209882120234700015e-01
5.555869743124666194e-01 1.229938049437503400e-01
5.423243198004549237e-01 1.249061471759541353e-01
5.290218178269102678e-01 1.267215013828671966e-01
5.156890445242140464e-01 1.284362627346899433e-01
5.023356512057836065e-01 1.300469667929396445e-01
4.889713570545600740e-01 1.315502977182163302e-01
4.756059414679060793e-01 1.329430967675436503e-01
4.622492360463218430e-01 1.342223710383522728e-01
4.489111162161897872e-01 1.353853024078031375e-01
4.356014924800455379e-01 1.364292566081644620e-01
4.223303012915775034e-01 1.373517923714754896e-01
4.091074955566507132e-01 1.381506705698601345e-01
3.958166356521633511e-01 1.388206452298633153e-01
3.823088714096821161e-01 1.393120247998055339e-01
3.688773346388648511e-01 1.396081525481287500e-01
3.555336004559755403e-01 1.397090332711519445e-01
3.422892325237957833e-01 1.396151228314924941e-01
3.291557623324817272e-01 1.393273303562333754e-01
3.161446680191513647e-01 1.388470188576497732e-01
3.032673528497977777e-01 1.381760042001405342e-01
2.905351234942502026e-01 1.373165523473317273e-01
2.779591682304007327e-01 1.362713748345978637e-01
2.655505352176913969e-01 1.350436224243204697e-01
2.533201109818470909e-01 1.336368769139134050e-01
2.412785992530096235e-01 1.320551410798139758e-01
2.294365002977685475e-01 1.303028267541079810e-01
2.178040908821431421e-01 1.283847410440565329e-01
2.063914049973785414e-01 1.263060707183682463e-01
1.952082154735845787e-01 1.240723647974597138e-01
1.842640165978653155e-01 1.216895153980395716e-01
1.735680078437947527e-01 1.191637368950051457e-01
1.631290788080342891e-01 1.165015434757465940e-01
1.529557954377294970e-01 1.137097251734192072e-01
1.430563876192362249e-01 1.107953224764762767e-01
1.334387381848941567e-01 1.077655996216984324e-01
1.241103733801795644e-01 1.046280166870406231e-01
1.150784548188157896e-01 1.013902006088158586e-01
1.063497729384925289e-01 9.805991525500565298e-02
9.793074195492795786e-02 9.464503069281945957e-02
8.982739629728729580e-02 9.115349179400303314e-02
8.204538849361495134e-02 8.759328632582485952e-02
7.458998846111933312e-02 8.397241267915210583e-02
6.746608414302068812e-02 8.029884738757964158e-02
6.067818342137170501e-02 7.658051259321524418e-02
5.423041722393085601e-02 7.282524361547235148e-02
4.812654373291327253e-02 6.904075677910803677e-02
4.236995359437581432e-02 6.523461765679444690e-02
3.696367601919420265e-02 6.141420987975799994e-02
3.191038566013477962e-02 5.758670466749483963e-02
2.721241014447057377e-02 5.375903122430611414e-02
2.287173813797922090e-02 4.993784814642502484e-02
1.889002781401747863e-02 4.612951597886409683e-02
1.526861560070444379e-02 4.234007105582861252e-02
1.200852508005700696e-02 3.857520075265376269e-02
9.110475915190740723e-03 3.484022027076498496e-02
6.574892685389054255e-03 3.114005107015980697e-02
4.401913513912059962e-03 2.747920105640705782e-02
2.591398379798265719e-03 2.386174662118164050e-02
1.142937012534619295e-03 2.029131662693252347e-02
5.585627725287600071e-05 1.677107841745961725e-02
-6.707730320517431462e-04 1.330372592696970474e-02
-1.038130062988580019e-03 9.891469950641712874e-03
-1.047638499005768822e-03 6.536030629875510221e-03
-7.009619251265428088e-04 3.238632195269231743e-03
0.000000000000000000e+00 0.000000000000000000e+00
1.043636949569282926e-03 -3.144961039640575048e-03
2.418103744431935806e-03 -6.161650900948175726e-03
4.120796329860615739e-03 -9.050258042817537971e-03
6.148877663778452851e-03 -1.181107836154056054e-02
8.499282348936740977e-03 -1.444451382598728115e-02
1.116872239232761035e-02 -1.695107168740316722e-02
1.415369405624711772e-02 -1.933136424788123656e-02
1.745048575228225207e-02 -2.158610916589915815e-02
2.105518691693438957e-02 -2.371613027182486663e-02
2.496369779574094533e-02 -2.572235886101068014e-02
2.917174005174993923e-02 -2.760583542704168891e-02
3.367486810414202503e-02 -2.936771179289129896e-02
3.846848109380408831e-02 -3.100925359319489996e-02
4.354783536481903611e-02 -3.253184305659525405e-02
4.890805734424268775e-02 -3.393698203316497519e-02
5.454415669726435378e-02 -3.522629520829566319e-02
6.045103963094516919e-02 -3.640153344117620648e-02
6.662352221725628687e-02 -3.746457716309369718e-02
7.305634360512133774e-02 -3.841743976829872093e-02
7.974417899163042944e-02 -3.926227092810628816e-02
8.668165222453599883e-02 -4.000135975728240367e-02
9.386334791155526158e-02 -4.063713776061489424e-02
1.012838229168649684e-01 -4.117218148691621782e-02
1.089376171314375974e-01 -4.160921481757686585e-02
1.168192634114774281e-01 -4.195111081721264457e-02
1.249232965881011403e-01 -4.220089307494601094e-02
1.332442614614765541e-01 -4.236173646646589769e-02
1.417767197037898552e-01 -4.243696726923491813e-02
1.505152556075326775e-01 -4.243006256608979065e-02
1.594544806285582705e-01 -4.234464887602341215e-02
1.685890366870097523e-01 -4.218449995516193596e-02
1.779135982034122654e-01 -4.195353371587257074e-02
1.874228728617820527e-01 -4.165580821755717617e-02
1.971116011063677453e-01 -4.129551668900777878e-02
2.069745543934140286e-01 -4.087698154920881705e-02
2.170065322339422842e-01 -4.040464740115408404e-02
2.272023580777885188e-01 -3.988307298156824193e-02
2.375568741028296627e-01 -3.931692205835305570e-02
2.480649349862825426e-01 -3.871095327705430245e-02
2.587214007469902932e-01 -3.807000896761085496e-02
2.695211287585443372e-01 -3.739900293301683804e-02
2.804589650427618541e-01 -3.670290725221272976e-02
2.915297349613040212e-01 -3.598673814041550983e-02
3.027282334299494226e-01 -3.525554092107815313e-02
3.140492147851123850e-01 -3.451437417461286628e-02
3.254873824355482559e-01 -3.376829313976874303e-02
3.370373784337472034e-01 -3.302233245398283196e-02
3.486937731012567654e-01 -3.228148832896174381e-02
3.604510548401017034e-01 -3.155070026704231284e-02
3.723036202586141874e-01 -3.083483243236797428e-02
3.842457647344123539e-01 -3.013865479843992612e-02
3.962716735300772508e-01 -2.946682420002109948e-02
4.086569789512015660e-01 -2.881012047902981044e-02
4.212352336681915443e-01 -2.813142016012044888e-02
4.338723152999027777e-01 -2.743130859513161213e-02
4.465604205161565754e-01 -2.671303314480369395e-02
4.592916682258331162e-01 -2.597976588263881809e-02
4.720581022891499612e-01 -2.523459133885647826e-02
4.848516946375666103e-01 -2.448049500588094646e-02
4.976643487942162269e-01 -2.372035268620479448e-02
5.104879037836590472e-01 -2.295692075448209357e-02
5.233141384160332477e-01 -2.219282739609455130e-02
5.361347759273898950e-01 -2.143056487430806262e-02
5.489414889551866850e-01 -2.067248286762504023e-02
5.617259048256053600e-01 -1.992078290815312014e-02
5.744796111275659589e-01 -1.917751394088525879e-02
5.871941615470525067e-01 -1.844456901283646894e-02
5.998610819346362755e-01 -1.772368309014462490e-02
6.124718765788631503e-01 -1.701643199062225636e-02
6.250180346584580660e-01 -1.632423240897390437e-02
6.374910368470403377e-01 -1.564834300207122025e-02
6.498823620452184313e-01 -1.498986649241275393e-02
6.621834942164788185e-01 -1.434975273928188605e-02
6.743859293051694959e-01 -1.372880271924050571e-02
6.864811822170185929e-01 -1.312767335053189460e-02
6.984607938449901576e-01 -1.254688308977919969e-02
7.103163381257812103e-01 -1.198681822410908177e-02
7.220394291148438670e-01 -1.144773977753761607e-02
7.336217280704071531e-01 -1.092979094716364785e-02
7.450549505395336336e-01 -1.043300498242955010e-02
7.563308734416613888e-01 -9.957313419436918112e-03
7.674413421473702535e-01 -9.502554582036061570e-03
7.783782775521462804e-01 -9.068482262115575010e-03
7.891336831467017365e-01 -8.654774493174512140e-03
7.996996520868878688e-01 -8.261042333816494970e-03
8.100683742673645549e-01 -7.886838581209008187e-03
8.202321434039631098e-01 -7.531666338741013766e-03
8.301833641300668809e-01 -7.194987367013350177e-03
8.399145591123295951e-01 -6.876230152839463844e-03
8.494183761906567431e-01 -6.574797637020839136e-03
8.586875955466054533e-01 -6.290074548223983236e-03
8.677151369032082284e-01 -6.021434297214522946e-03
8.764940667577491018e-01 -5.768245392917054765e-03
8.850176056472195407e-01 -5.529877349168550726e-03
8.932791354441191878e-01 -5.305706058525268276e-03
9.012722066779523811e-01 -5.095118616973710879e-03
9.089905458752965961e-01 -4.897517590799186152e-03
9.164280629086942742e-01 -4.712324724088143985e-03
9.235788583419132225e-01 -4.538984092304836765e-03
9.304372307564088285e-01 -4.376964714010826707e-03
9.369976840411153862e-01 -4.225762639008848534e-03
9.432549346250949096e-01 -4.084902536939358925e-03
9.492039186301064468e-01 -3.953938815563030895e-03
9.548397989178856182e-01 -3.832456302590997975e-03
9.601579720048933897e-01 -3.720070528922350163e-03
9.651540748155552629e-01 -3.616427654487558950e-03
9.698239912435862031e-01 -3.521204080550054474e-03
9.741638584899436903e-01 -3.434105794263184533e-03
9.781700731452742659e-01 -3.354867492518997033e-03
9.818392969844608187e-01 -3.283251532643511814e-03
9.851684624410267377e-01 -3.219046757311038245e-03
9.881547777297453594e-01 -3.162067240175081388e-03
9.907957315868139991e-01 -3.112150997176336455e-03
9.930890975983833746e-01 -3.069158706309676327e-03
9.950329380900723164e-01 -3.032972475864338484e-03
9.966256075523209912e-01 -3.003494697824767370e-03
9.978657555790068079e-01 -2.980647019296102374e-03
9.987523292996471902e-01 -2.964369460543703119e-03
9.992845752886906352e-01 -2.954619703580980278e-03
9.994620409388059734e-01 -2.951372570259323987e-03
