# NACA 4-digit  m=0.044675 p=0.400 t/c=0.059418  unit chord, x y
1.000441881605414141e+00 2.967278323109663000e-03
1.000272160543307587e+00 3.004495252904605066e-03
9.997631054077187329e-01 3.116061395620985022e-03
9.989150403269353440e-01 3.301723083966029339e-03
9.977285054345897963e-01 3.561058446514536475e-03
9.962042567476604438e-01 3.893478763055482211e-03
9.943432659922418759e-01 4.298230350639455945e-03
9.921467203737258655e-01 4.774396969015534675e-03
9.896160222871651646e-01 5.320902731096826058e-03
9.867527889628016080e-01 5.936515501177641770e-03
9.835588520410288860e-01 6.619850760867353537e-03
9.800362570704397314e-01 7.369375920137793273e-03
9.761872629221016728e-01 8.183415048517160215e-03
9.720143411128004951e-01 9.060153999335402233e-03
9.675201750297167669e-01 9.997645898042382961e-03
9.627076590488382601e-01 1.099381696400735832e-02
9.575798975393854384e-01 1.204647263387146651e-02
9.521402037466224488e-01 1.315330395348195125e-02
9.463920985456384383e-01 1.431189420468967702e-02
9.403393090590290715e-01 1.551972573285026469e-02
9.339857671318534393e-01 1.677418694073033734e-02
9.273356076577984330e-01 1.807257941468726203e-02
9.203931667511263681e-01 1.941212514945395845e-02
9.131629797597221598e-01 2.078997383861446585e-02
9.056497791153448329e-01 2.220321019888975289e-02
8.978584920180494588e-01 2.364886129765030737e-02
8.897942379526412315e-01 2.512390385461714046e-02
8.814623260359321089e-01 2.662527149048554004e-02
8.728682521945029249e-01 2.814986189718186177e-02
8.640176961735862582e-01 2.969454390662076143e-02
8.549165183785666366e-01 3.125616443713897380e-02
8.455707565514535284e-01 3.283155529921354815e-02
8.359866222854618334e-01 3.441753984459874904e-02
8.261704973815621189e-01 3.601093944560183890e-02
8.161289300514936729e-01 3.760857979383514654e-02
8.058686309722846719e-01 3.920729701039249449e-02
7.953964691977586376e-01 4.080394356197469125e-02
7.847194679328419742e-01 4.239539397999468606e-02
7.738448001767059825e-01 4.397855038209742828e-02
7.627797842408768902e-01 4.555034779780300913e-02
7.515318791484354444e-01 4.710775930209398082e-02
7.401086799202993838e-01 4.864780096269056414e-02
7.285179127543427446e-01 5.016753660846927365e-02
7.167674301027686656e-01 5.166408242795395012e-02
7.048652056527238141e-01 5.313461140802887978e-02
6.928193292146195281e-01 5.457635762397208823e-02
6.806380015220560020e-01 5.598662039257074757e-02
6.683295289466015809e-01 5.736276830045351771e-02
6.559023181300103200e-01 5.870224311984664767e-02
6.433648705357710718e-01 6.000256362373630747e-02
6.307257769211860321e-01 6.126132931189613717e-02
6.179937117304955541e-01 6.247622405842833543e-02
6.051774274089328776e-01 6.364501969037562878e-02
5.922857486369899060e-01 6.476557950560800359e-02
5.793275664836673444e-01 6.583586173658900753e-02
5.663118324770389789e-01 6.685392296480492658e-02
5.532475525901362490e-01 6.781792148862131331e-02
5.401437811399327771e-01 6.872612064514424524e-02
5.270096145971236989e-01 6.957689208433917583e-02
5.138541853044327201e-01 7.036871899123164908e-02
5.006866551013604560e-01 7.110019924951890835e-02
4.875162088536226235e-01 7.177004853739292478e-02
4.743520478859882816e-01 7.237710334385524802e-02
4.612033833178561526e-01 7.292032389132784009e-02
4.480794293016527319e-01 7.339879694797195320e-02
4.349893961650286300e-01 7.381173851085515158e-02
4.219424834588327844e-01 7.415849633899279647e-02
4.089478729139623958e-01 7.443855231337037637e-02
3.959779298414052850e-01 7.464903842316469862e-02
3.829957071233850430e-01 7.475273455526884603e-02
3.700927784705690948e-01 7.473793518684751502e-02
3.572786369787072647e-01 7.460575093406351943e-02
3.445627285812926099e-01 7.435757400876838452e-02
3.319544422453229449e-01 7.399507509225644597e-02
3.194631000574840174e-01 7.352019939651298353e-02
3.070979472335534366e-01 7.293516189709424447e-02
2.948681420861790636e-01 7.224244172505939199e-02
2.827827459881697147e-01 7.144477570900131802e-02
2.708507133700268077e-01 7.054515106216011078e-02
2.590808817915997153e-01 6.954679721381357149e-02
2.474819621284452820e-01 6.845317678858107990e-02
2.360625289136907834e-01 6.726797574190550300e-02
2.248310108759412618e-01 6.599509266474895552e-02
2.137956817130182707e-01 6.463862727540252429e-02
2.029646511400897968e-01 6.320286812121998776e-02
1.923458562490550361e-01 6.169227951799512860e-02
1.819470532139075836e-01 6.011148775956331319e-02
1.717758093742406678e-01 5.846526663497560172e-02
1.618394957261183875e-01 5.675852229522566905e-02
1.521452798462504807e-01 5.499627751596423975e-02
1.427001192718213574e-01 5.318365540687614718e-02
1.335107553544878367e-01 5.132586262238493513e-02
1.245837076030199414e-01 4.942817213205986937e-02
1.159252685248730042e-01 4.749590561250038867e-02
1.075414989727007248e-01 4.553441552554046701e-02
9.943822399750294749e-02 4.354906695032781383e-02
9.162102920580324217e-02 4.154521923917411236e-02
8.409525761402764088e-02 3.952820756902789695e-02
7.686600698915835306e-02 3.750332446198115233e-02
6.993812766081165810e-02 3.547580134937568241e-02
6.331622078619469907e-02 3.345079025482336488e-02
5.700463704596577669e-02 3.143334567179122130e-02
5.100747574590529243e-02 2.942840671133227504e-02
4.532858429653166543e-02 2.744077959506621700e-02
3.997155804040115890e-02 2.547512056763904034e-02
3.493974039484095545e-02 2.353591930162399204e-02
3.023622327629963552e-02 2.162748286617776836e-02
2.586384777137634011e-02 1.975392032874762407e-02
2.182520501892120518e-02 1.791912805674976406e-02
1.812263726738675904e-02 1.612677578342135848e-02
1.475823907185823750e-02 1.438029349900496988e-02
1.173385859588738610e-02 1.268285922506915894e-02
9.051098984396460656e-03 1.103738772612421551e-02
6.711319775485142559e-03 9.446520208773819330e-03
4.715638320941946057e-03 7.912615054471116433e-03
3.064931187614996794e-03 6.437739627545916755e-03
1.759835514493876714e-03 5.023663195553265681e-03
8.007503033721649838e-04 3.671850994191193721e-03
1.878376242528542132e-04 2.383459464063469608e-03
-7.897627980836942427e-05 1.159332681448402812e-03
0.000000000000000000e+00 0.000000000000000000e+00
4.216513042511095414e-04 -1.082803278156793843e-03
1.182627621173312554e-03 -2.077590949182906137e-03
2.281915963499871278e-03 -2.984580244561566877e-03
3.718269117232833425e-03 -3.804169032805698736e-03
5.490207438574621485e-03 -4.536934638968475632e-03
7.596021083920283593e-03 -5.183632473286908446e-03
1.003377266056024002e-02 -5.745194465703382450e-03
1.280130028179785051e-02 -6.222727301616559799e-03
1.589622100643605859e-02 -6.617510452891450963e-03
1.931593463907345029e-02 -6.930993996922011832e-03
2.305762786442018888e-02 -7.164796215402240501e-03
2.711827868592526364e-02 -7.320700963433792244e-03
3.149466113644523030e-02 -7.400654798693430403e-03
3.618335022649862148e-02 -7.406763859612354624e-03
4.118072709387230607e-02 -7.341290480893703646e-03
4.648298431699797451e-02 -7.206649534224649628e-03
5.208613135360770641e-02 -7.005404481735741373e-03
5.798600006572680876e-02 -6.740263129632134698e-03
6.417825029206883358e-02 -6.414073069478495176e-03
7.065837542936659332e-02 -6.029816794868450916e-03
7.742170798509605267e-02 -5.590606481660138558e-03
8.446342506541759665e-02 -5.099678420615327140e-03
9.177855376395666065e-02 -4.560387092148135424e-03
9.936197641924930657e-02 -3.976198873973199599e-03
1.072084357112617764e-01 -3.350685373745235229e-03
1.153125395703283734e-01 -2.687516380303057312e-03
1.236687658750960650e-01 -1.990452428870862628e-03
1.322714669195857173e-01 -1.263336977523923238e-03
1.411148736332244191e-01 -5.100881943918555983e-04
1.501930995416310699e-01 2.653096425589210328e-04
1.595001444599954965e-01 1.058815128759511143e-03
1.690298979150233749e-01 1.866339092141636180e-03
1.787761422955756740e-01 2.683754318051512211e-03
1.887325557362549144e-01 3.506905626858312919e-03
1.988927147422243080e-01 4.331620287954980608e-03
2.092500965674370661e-01 5.153718750559626444e-03
2.197980813621487894e-01 5.969025668360383730e-03
2.305299541090315429e-01 6.773381191632531217e-03
2.414389063703603067e-01 7.562652497030027815e-03
2.525180378715546348e-01 8.332745521846041115e-03
2.637603579487917127e-01 9.079616866188709723e-03
2.751587868904264433e-01 9.799285823265679179e-03
2.867061572035350392e-01 1.048784649485747997e-02
2.983952148380205616e-01 1.114147994612566667e-02
3.102186204013567261e-01 1.175646635118808916e-02
3.221689503972156032e-01 1.232919707844569099e-02
3.342386985209059858e-01 1.285618666250011241e-02
3.464202770437599388e-01 1.333408460770119097e-02
3.587060183173699790e-01 1.375968696694396948e-02
3.710881764269099437e-01 1.412994763832928907e-02
3.835589290207094271e-01 1.444198932174234687e-02
3.961103793408353169e-01 1.469311407731110908e-02
4.088166015938898834e-01 1.489275782013680868e-02
4.216230515009362634e-01 1.507462837827427266e-02
4.344844116149196855e-01 1.523966547220111448e-02
4.473921074306936307e-01 1.538652725590853101e-02
4.603375209542988067e-01 1.551396441974510834e-02
4.733119958710677588e-01 1.562082509599361374e-02
4.863068428385040609e-01 1.570605931174061040e-02
4.993133448986393774e-01 1.576872296025724068e-02
5.123227630034403735e-01 1.580798126576133528e-02
5.253263416458198165e-01 1.582311172028537730e-02
5.383153145879120416e-01 1.581350647539640081e-02
5.512809106775170553e-01 1.577867417565621128e-02
5.642143597430123725e-01 1.571824122493594225e-02
5.771068985565633858e-01 1.563195248095931855e-02
5.899497768551573706e-01 1.551967137770776661e-02
6.027342634088262985e-01 1.538137947952644691e-02
6.154516521254097539e-01 1.521717547489102179e-02
6.280932681813347074e-01 1.502727362178312917e-02
6.406504741681513515e-01 1.481200166044320879e-02
6.531146762449371312e-01 1.457179821288777030e-02
6.654773302871692664e-01 1.430720969195716299e-02
6.777299480232440443e-01 1.401888674577512345e-02
6.898641031504700871e-01 1.370758026632149310e-02
7.018714374230763386e-01 1.337413699332517386e-02
7.137436667055261363e-01 1.301949474685433136e-02
7.254725869852040043e-01 1.264467732380354301e-02
7.370500803393087441e-01 1.225078909493833995e-02
7.484681208515643336e-01 1.183900934025414187e-02
7.597187804750719087e-01 1.141058636113470928e-02
7.707942348383207687e-01 1.096683140815686228e-02
7.816867689919906326e-01 1.050911246339121530e-02
7.923887830947142774e-01 1.003884791570191191e-02
8.028927980364357619e-01 9.557500166864643654e-03
8.131914609983436071e-01 9.066569205322257477e-03
8.232775509486213172e-01 8.567586183096853950e-03
8.331439840733959601e-01 8.062107029804121625e-03
8.427838191423003833e-01 7.551706135890838556e-03
8.521902628079808251e-01 7.037970135174447320e-03
8.613566748387012639e-01 6.522491814525377754e-03
8.702765732828910972e-01 6.006864176138550573e-03
8.789436395640989330e-01 5.492674675315263252e-03
8.873517235043294482e-01 4.981499654057256615e-03
8.954948482731854842e-01 4.474898988091630808e-03
9.033672152596026184e-01 3.974410962233670616e-03
9.109632088622933166e-01 3.481547386283151066e-03
9.182774011942976822e-01 2.997788960973191141e-03
9.253045566962937452e-01 2.524580900876994757e-03
9.320396366525849352e-01 2.063328818654229166e-03
9.384778036029362003e-01 1.615394872616636966e-03
9.446144256427293495e-01 1.182094177328439112e-03
9.504450806032378463e-01 7.646914748614692253e-04
9.559655601032153172e-01 3.643980624105334909e-04
9.611718734624484783e-01 -1.763102973741971502e-05
9.660602514674848651e-01 -3.802996173853769382e-04
9.706271499793778235e-01 -7.225727075372816860e-04
9.748692533730519694e-01 -1.043478619253828798e-03
9.787834777977533207e-01 -1.342110890871115250e-03
9.823669742480393152e-01 -1.617629984759616935e-03
9.856171314348749490e-01 -1.869264801122945581e-03
9.885315784466405242e-01 -2.096314012422435639e-03
9.911081871902286400e-01 -2.298147229873023344e-03
9.933450746028958944e-01 -2.474206013095479623e-03
9.952406046261500494e-01 -2.624004733445788572e-03
9.967933899336834935e-01 -2.747131300785831450e-03
9.980022934061927309e-01 -2.843247762529370077e-03
9.988664293468549893e-01 -2.912090782711187088e-03
9.993851644322495620e-01 -2.953472007608382629e-03
9.995581183945857484e-01 -2.967278323109663000e-03
