# NACA 4-digit  m=0.034312 p=0.400 t/c=0.026335  unit chord, x y
1.000340899057024613e+00 2.980568374139352158e-03
1.000170027851523091e+00 3.005091691952067358e-03
9.996575286051556652e-01 3.078604227698354939e-03
9.988037443671536897e-01 3.200933903579222719e-03
9.976092466821707694e-01 3.371794506624192257e-03
9.960748352837033304e-01 3.590786560610197044e-03
9.942015376639251611e-01 3.857398540530594840e-03
9.919906085190101086e-01 4.171008423458568044e-03
9.894435290687808582e-01 4.530885567980183840e-03
9.865620062493157816e-01 4.936192912768208943e-03
9.833479717769729733e-01 5.385989483341329515e-03
9.798035810821366098e-01 5.879233194620193427e-03
9.759312121108935090e-01 6.414783935558217125e-03
9.717334639927708295e-01 6.991406920907557165e-03
9.672131555726456442e-01 7.607776294082704491e-03
9.623733238049479999e-01 8.262478964119111119e-03
9.572172220083453587e-01 8.954018658894452240e-03
9.517483179791957904e-01 9.680820176094430407e-03
9.459702919622053896e-01 1.044123381286479746e-02
9.398870344769145735e-01 1.123353995470094055e-02
9.335026439988652891e-01 1.205595380388502398e-02
9.268214244945597313e-01 1.290663022769010168e-02
9.198478828096210425e-01 1.378366870662581234e-02
9.125867259098876527e-01 1.468511836320003996e-02
9.050428579755183112e-01 1.560898305200925790e-02
8.972213773485455679e-01 1.655322649244046068e-02
8.891275733347023813e-01 1.751577742586179001e-02
8.807669228607161171e-01 1.849453477988938221e-02
8.721450869886597790e-01 1.948737282313181204e-02
8.632679072893267858e-01 2.049214629472225976e-02
8.541414020769598769e-01 2.150669549393803559e-02
8.447717625080287673e-01 2.252885131626457260e-02
8.351653485470731386e-01 2.355644022337406718e-02
8.253286848029416367e-01 2.458728913564123958e-02
8.152684562390263290e-01 2.561923023699829577e-02
8.049915037613443181e-01 2.665010568312029676e-02
7.945048196885122760e-01 2.767777220511966757e-02
7.838155431078326352e-01 2.870010560209705977e-02
7.729309551218317420e-01 2.971500511703238645e-02
7.618584739896741009e-01 3.072039769159124606e-02
7.506056501679141402e-01 3.171424209645479914e-02
7.391801612550532585e-01 3.269453293474276767e-02
7.275898068443206190e-01 3.365930451698063292e-02
7.158425032890249895e-01 3.460663460685044213e-02
7.039462783847160177e-01 3.553464803765422897e-02
6.919092659722415606e-01 3.644152020000090975e-02
6.797397004656346997e-01 3.732548040169576115e-02
6.674459113085651207e-01 3.818481510116420591e-02
6.550363173628924729e-01 3.901787101597260776e-02
6.425194212326480470e-01 3.982305810812112462e-02
6.299038035265545066e-01 4.059885244777491214e-02
6.171981170619790236e-01 4.134379895697504192e-02
6.044110810130207678e-01 4.205651403463216143e-02
5.915514750052361936e-01 4.273568806376060181e-02
5.786281331593473576e-01 4.338008780146612731e-02
5.656499380861368387e-01 4.398855865166460821e-02
5.526258148346243626e-01 4.456002681989316289e-02
5.395647247955506209e-01 4.509350134889052175e-02
5.264756595621643553e-01 4.558807603288201477e-02
5.133676347503181026e-01 4.604293120772130765e-02
5.002496837799371709e-01 4.645733541322862731e-02
4.871308516200351102e-01 4.683064692324040434e-02
4.740201884995937642e-01 4.716231513806220382e-02
4.609267435868315554e-01 4.745188183321165376e-02
4.478595586396246775e-01 4.769898225756614984e-02
4.348276616301342545e-01 4.790334607330781064e-02
4.218400603470184862e-01 4.806479812939853241e-02
4.089057359789725621e-01 4.818325905973857431e-02
3.960204893268293169e-01 4.825686520770333665e-02
3.831768645642787963e-01 4.825776509877627296e-02
3.704132443108753003e-01 4.817740251757179210e-02
3.577385886142432914e-01 4.801690151273612511e-02
3.451618009221991135e-01 4.777758310039022932e-02
3.326917209359007144e-01 4.746096165834402802e-02
3.203371174539756394e-01 4.706874079086041662e-02
3.081066812200771721e-01 4.660280866363150643e-02
2.960090177871742556e-01 4.606523281023490457e-02
2.840526404126233473e-01 4.545825441307996262e-02
2.722459629987075136e-01 4.478428206372110643e-02
2.605972930938352250e-01 4.404588500939848883e-02
2.491148249699561001e-01 4.324578589475000512e-02
2.378066327919670375e-01 4.238685300980933601e-02
2.266806638949467601e-01 4.147209205764659790e-02
2.157447321849544630e-01 4.050463745730185222e-02
2.050065116788665209e-01 3.948774319999005800e-02
1.944735301983017139e-01 3.842477327890015532e-02
1.841531632321019019e-01 3.731919171524952089e-02
1.740526279810966914e-01 3.617455220556976131e-02
1.641789775979988764e-01 3.499448741746976482e-02
1.545390956342599098e-01 3.378269796332790398e-02
1.451396907045711393e-01 3.254294108348781273e-02
1.359872913784472559e-01 3.127901907255244141e-02
1.270882413069844008e-01 2.999476748427237077e-02
1.184486945914633993e-01 2.869404315228799018e-02
1.100746113989913982e-01 2.738071206559802850e-02
1.019717538288572450e-01 2.605863713907197177e-02
9.414568203173757921e-02 2.473166592059044752e-02
8.660175058235432266e-02 2.340361827747265352e-02
7.934510510466885602e-02 2.207827410572422988e-02
7.238067914721746376e-02 2.075936110630317855e-02
6.571319130477708270e-02 1.945054267305006829e-02
5.934714258120520752e-02 1.815540593715464154e-02
5.328681398704973593e-02 1.687745001303257719e-02
4.753626436438349728e-02 1.562007449025910877e-02
4.209932843029946803e-02 1.438656821575182848e-02
3.697961502962088948e-02 1.318009840971316390e-02
3.218050558664244110e-02 1.200370015793633671e-02
2.770515274513498521e-02 1.086026632195105472e-02
2.355647918542388974e-02 9.752537907141919232e-03
1.973717660709159438e-02 8.683094927419426554e-03
1.624970486576462342e-02 7.654347803269649295e-03
1.309629125251775619e-02 6.668529328060503539e-03
1.027892990466866205e-02 5.727687235352781937e-03
7.799381337134602549e-03 4.833677397661570105e-03
5.659172084072428346e-03 3.988157684650188960e-03
3.859594441222418022e-03 3.192582506129261997e-03
2.401706300203824453e-03 2.448198062487486060e-03
1.286331066964757673e-03 1.756038322316512586e-03
5.140576576481659067e-04 1.116921744020915727e-03
8.524056629037759071e-05 5.314487551433802383e-04
0.000000000000000000e+00 0.000000000000000000e+00
2.574344581523625264e-04 -4.726717574403001255e-04
8.564075877780008604e-04 -8.820050685559891693e-04
1.796335199907278480e-03 -1.228192689985496602e-03
3.076398331522885686e-03 -1.511588046993057573e-03
4.695544184967199823e-03 -1.732704267932294031e-03
6.652487320789801303e-03 -1.892212910393773059e-03
8.945711098910780895e-03 -1.990942378941574619e-03
1.157346936152564912e-02 -2.029876034158884825e-03
1.453378834980568676e-02 -2.010149992574988050e-03
1.782446884516706437e-02 -1.933050616943713523e-03
2.144308852471535354e-02 -1.800011696293986243e-03
2.538700451942257907e-02 -1.612611315183289096e-03
2.965335616268658520e-02 -1.372568411661131624e-03
3.423906791615581591e-02 -1.081739023598202350e-03
3.914085245909237204e-02 -7.421122232631064200e-04
4.435521392709966537e-02 -3.558057403371750818e-04
4.987845128575587456e-02 7.493872604675839294e-05
5.570666182458236526e-02 5.477605051703617056e-04
6.183574475682940969e-02 1.060185260851043837e-03
6.826140491078420969e-02 1.609630603496375184e-03
7.497915649869024701e-02 2.193412005001262044e-03
8.198432694990709368e-02 2.808749012533971398e-03
8.927206079562997887e-02 3.452771756299235356e-03
9.683732359331496953e-02 4.122527745316489911e-03
1.046749058799074789e-01 4.814988944112065516e-03
1.127794271440377000e-01 5.527059122000540711e-03
1.211453398085056699e-01 6.255581465327076859e-03
1.297669332156212441e-01 6.997346441667379527e-03
1.386383376092649999e-01 7.749099903541393358e-03
1.477535281088812880e-01 8.507551417701021690e-03
1.571063286719860674e-01 9.269382804511004312e-03
1.666904160431428861e-01 1.003125687036641317e-02
1.764993236887196504e-01 1.078982631449309539e-02
1.865264457180605961e-01 1.154174278987211977e-02
1.967650407929776302e-01 1.228366609642961294e-02
2.072082360286603420e-01 1.301227348305535568e-02
2.178490308902125971e-01 1.372426903347254666e-02
2.286803010900260447e-01 1.441639310949354921e-02
2.396948024920840525e-01 1.508543182377960860e-02
2.508851750300437611e-01 1.572822651289292745e-02
2.622439466465562030e-01 1.634168318020514515e-02
2.737635372617457374e-01 1.692278187712261892e-02
2.854362627790814066e-01 1.746858599012431068e-02
2.972543391370253696e-01 1.797625140029758539e-02
3.092098864148329906e-01 1.844303548141490792e-02
3.212949330007239812e-01 1.886630590213681305e-02
3.335014198303282162e-01 1.924354919766377639e-02
3.458212047028534353e-01 1.957237907610365896e-02
3.582460666818339523e-01 1.985054442498303956e-02
3.707677105866037381e-01 2.007593698371396701e-02
3.833777715798156738e-01 2.024659864844200949e-02
3.960678198554112850e-01 2.036072837654541445e-02
4.088587385288797171e-01 2.042600724439299492e-02
4.217254746127505616e-01 2.046905867542161278e-02
4.346461461498140610e-01 2.049094347085291673e-02
4.476119780927216851e-01 2.049094961625108624e-02
4.606141606853234038e-01 2.046844339299292923e-02
4.736438552574622762e-01 2.042287193149263519e-02
4.866922000720915742e-01 2.035376545916544114e-02
4.997503162200626625e-01 2.026073922976136948e-02
5.128093135575549910e-01 2.014349512261002020e-02
5.258602966807791601e-01 2.000182290231341392e-02
5.388943709322941977e-01 1.983560113149016382e-02
5.519026484330289417e-01 1.964479773129074874e-02
5.648762541339145127e-01 1.942947018655173663e-02
5.778063318808833726e-01 1.918976539461667366e-02
5.906840504869110831e-01 1.892591915900550953e-02
6.035006098047384082e-01 1.863825533123995154e-02
6.162472467939262843e-01 1.832718460621567125e-02
6.289152415759662329e-01 1.799320297853074929e-02
6.414959234712743763e-01 1.763688986911992468e-02
6.539806770120549784e-01 1.725890593338775397e-02
6.663609479252057266e-01 1.685999056376643462e-02
6.786282490796653466e-01 1.644095910123270776e-02
6.907741663928480547e-01 1.600269977179007846e-02
7.027903646910841351e-01 1.554617036524760104e-02
7.146685935192698125e-01 1.507239467479515836e-02
7.264006928952261299e-01 1.458245871688178957e-02
7.379785990045548694e-01 1.407750675174114161e-02
7.493943498320856378e-01 1.355873712557414262e-02
7.606400907262746980e-01 1.302739795589245679e-02
7.717080798931950092e-01 1.248478268184532829e-02
7.825906938169999716e-01 1.193222550150143876e-02
7.932804326039606391e-01 1.137109671803886168e-02
8.037699252473761158e-01 1.080279801661462348e-02
8.140519348108109510e-01 1.022875769335049312e-02
8.241193635272417994e-01 9.650425857388213180e-03
8.339652578117846549e-01 9.069269626348387681e-03
8.435828131857251444e-01 8.486768334780899620e-03
8.529653791095875848e-01 7.904408774335977203e-03
8.621064637229607364e-01 7.323680483422470404e-03
8.709997384887342431e-01 6.746071103072345983e-03
8.796390427393149247e-01 6.173061814606851244e-03
8.880183881222682984e-01 5.606122873518556808e-03
8.961319629426893751e-01 5.046709252756615902e-03
9.039741363994291401e-01 4.496256407347069828e-03
9.115394627121278237e-01 3.956176171007905369e-03
9.188226851358030078e-01 3.427852794146427767e-03
9.258187398595324469e-01 2.912639131367237254e-03
9.325227597855730854e-01 2.411852985384432824e-03
9.389300781850506983e-01 1.926773613038012395e-03
9.450362322261623982e-01 1.458638397967921586e-03
9.508369663706645047e-01 1.008639693415819966e-03
9.563282356342553969e-01 5.779218376097631366e-04
9.615062087063387386e-01 1.675783432518000715e-04
9.663672709245559878e-01 -2.213507382221109772e-04
9.709080270994074890e-01 -5.878812776990813456e-04
9.751253041842601332e-01 -9.310873555149461883e-04
9.790161537860564422e-01 -1.250103375965180667e-03
9.825778545120952279e-01 -1.544126010980754115e-03
9.858079141483607755e-01 -1.812415975111395438e-03
9.887040716650248307e-01 -2.054299634222046290e-03
9.912642990449443969e-01 -2.269170450474002326e-03
9.934868029312126092e-01 -2.456490266234152321e-03
9.953700260901071628e-01 -2.615790429539226452e-03
9.969126486861025205e-01 -2.746672763642877581e-03
9.981135893659743852e-01 -2.848810382998263977e-03
9.989720061494180570e-01 -2.921948357786331978e-03
9.994872971240339465e-01 -2.965904228799476003e-03
9.996591009429753871e-01 -2.980568374139352158e-03
