# NACA 4-digit  m=0.034833 p=0.400 t/c=0.026884  unit chord, x y
1.000346002634613152e+00 2.979980230947978318e-03
1.000175151607460178e+00 3.004913532975517134e-03
9.996627127798712875e-01 3.079655092456411603e-03
9.988090288529762883e-01 3.204030047730496711e-03
9.976146707935796831e-01 3.377747555604302971e-03
9.960804375310395864e-01 3.600401677533403982e-03
9.942073555318964306e-01 3.871472613950790748e-03
9.919966782512799064e-01 4.190328280477187591e-03
9.894498854598741122e-01 4.556226218050887268e-03
9.865686824450043968e-01 4.968315827382382283e-03
9.833549990842244126e-01 5.425640916585844353e-03
9.798109887896231385e-01 5.927142549381244317e-03
9.759390273209599398e-01 6.471662179904249038e-03
9.717417114656606847e-01 7.057945058922293624e-03
9.672218575836765142e-01 7.684643895138488189e-03
9.623825000152174125e-01 8.350322754283432888e-03
9.572268893494372266e-01 9.053461177851253316e-03
9.517584905522447070e-01 9.792458502639199772e-03
9.459809809515677959e-01 1.056563836170127182e-02
9.398982480785841309e-01 1.137125334693021676e-02
9.335143873636713163e-01 1.220748981323785225e-02
9.268336996860860877e-01 1.307247280421289411e-02
9.198606887766940243e-01 1.396427107919316971e-02
9.126000584733966470e-01 1.488090222189417111e-02
9.050567098292585655e-01 1.582033781108209414e-02
8.972357380737090438e-01 1.678050863426006761e-02
8.891424294275831475e-01 1.775930992594327434e-02
8.807822577731563296e-01 1.875460661282398259e-02
8.721608811807216588e-01 1.976423854895830584e-02
8.632841382936569108e-01 2.078602572503402204e-02
8.541580445742915639e-01 2.181777343678846515e-02
8.447887884132658787e-01 2.285727739872468051e-02
8.351827271054009794e-01 2.390232879040952302e-02
8.253463826954204885e-01 2.495071922381298865e-02
8.152864376971422633e-01 2.600024562135163156e-02
8.050097306900134697e-01 2.704871499551147335e-02
7.945232517970655106e-01 2.809394912213750498e-02
7.838341380485357446e-01 2.913378910066819968e-02
7.729496686355323831e-01 3.016609979575279182e-02
7.618772600581965593e-01 3.118877415580157547e-02
7.506244611728599692e-01 3.219973740507264814e-02
7.391989481426917141e-01 3.319695110687829326e-02
7.276085192962818970e-01 3.417841709639236891e-02
7.158610898985309223e-01 3.514218128234286587e-02
7.039646868380968758e-01 3.608633731757562163e-02
6.919274432354979298e-01 3.700903013906695765e-02
6.797575929758032931e-01 3.790845937843852209e-02
6.674634651696399468e-01 3.878288264438474464e-02
6.550534785460373488e-01 3.963061867865664417e-02
6.425361357804098006e-01 4.045005038735683539e-02
6.299200177607523488e-01 4.123962774928863900e-02
6.172137777949021631e-01 4.199787060297115876e-02
6.044261357615151597e-01 4.272337131368506014e-02
5.915658722072014708e-01 4.341479732155747312e-02
5.786418223920997139e-01 4.407089357123661344e-02
5.656628702860211355e-01 4.469048482315543525e-02
5.526379425171838999e-01 4.527247784575069017e-02
5.395760022754831908e-01 4.581586348730037200e-02
5.264860431722134804e-01 4.631971862528125317e-02
5.133770830581690925e-01 4.678320799034400845e-02
5.002581578021089159e-01 4.720558586116978955e-02
4.871383150316868083e-01 4.758619762562554811e-02
4.740266078390955040e-01 4.792448120279084456e-02
4.609320884538906649e-01 4.821996831960274899e-02
4.478638018857065695e-01 4.847228563507340743e-02
4.348307795398788089e-01 4.868115570429334960e-02
4.218420328093246963e-01 4.884639777375687775e-02
4.089065466464124055e-01 4.896792839895082461e-02
3.960196713078919517e-01 4.904385229097529136e-02
3.831733857692463663e-01 4.904588426570227755e-02
3.704070956848679597e-01 4.896533290614313305e-02
3.577297710362342120e-01 4.880333697238974089e-02
3.451503253714285346e-01 4.856123541158730017e-02
3.326776086095333818e-01 4.824056370638411806e-02
3.203203998341184189e-01 4.784304968438944650e-02
3.080874000886392183e-01 4.737060878820553711e-02
2.959872251874446358e-01 4.682533880724640274e-02
2.840283985568602398e-01 4.620951407434280983e-02
2.722193441214711407e-01 4.552557913204692552e-02
2.605683792512482611e-01 4.477614187558300041e-02
2.490837077855352355e-01 4.396396618152511454e-02
2.377734131501324233e-01 4.309196403350633309e-02
2.266454515837738326e-01 4.216318715855802562e-02
2.157076454901821760e-01 4.118081819002510080e-02
2.049676769316076952e-01 4.014816137538351065e-02
1.944330812793131358e-01 3.906863284968181693e-02
1.841112410358549667e-01 3.794575049771739539e-02
1.740093798432408856e-01 3.678312343041974242e-02
1.641345566901250275e-01 3.558444110322926679e-02
1.544936603301428346e-01 3.435346210650774140e-02
1.450934039222999961e-01 3.309400266017874237e-02
1.359403199030322085e-01 3.180992484685191135e-02
1.270407550981590139e-01 3.050512461961818467e-02
1.184008660814805797e-01 2.918351962249446374e-02
1.100266147852372312e-01 2.784903686313249319e-02
1.019237643660803883e-01 2.650560027887156889e-02
9.409787532861270398e-02 2.515711823849565987e-02
8.655430190696836168e-02 2.380747102314171790e-02
7.929818870333886494e-02 2.246049833068622034e-02
7.233446758082291705e-02 2.111998684860367376e-02
6.566785480651889106e-02 1.978965794073697659e-02
5.930284843939311740e-02 1.847315549363982151e-02
5.324372595617286874e-02 1.717403396814240132e-02
4.749454210733992932e-02 1.589574670155154482e-02
4.205912699425474327e-02 1.464163450542424298e-02
3.694108435753774844e-02 1.341491460315144893e-02
3.214379006607939043e-02 1.221866995065843883e-02
2.767039079545583619e-02 1.105583898237377100e-02
2.352380288409948450e-02 9.929205823246085860e-03
1.970671135531382179e-02 8.841391006003004177e-03
1.622156909313781162e-02 7.794842731058033297e-03
1.307059616014850933e-02 6.791828704486766420e-03
1.025577924554793054e-02 5.834428587325382783e-03
7.778871232300012262e-03 4.924527087101645065e-03
5.641390872659877119e-03 4.063807720003029429e-03
3.844622562167887992e-03 3.253747269433887070e-03
2.389616203043518419e-03 2.495610963922671385e-03
1.277187148907827849e-03 1.790448394430319825e-03
5.079162238646433691e-04 1.139090188092589401e-03
8.214981017025277344e-05 5.421454523205816592e-04
0.000000000000000000e+00 0.000000000000000000e+00
2.605252142724873436e-04 -4.824767338309017182e-04
8.625490215615233981e-04 -9.006095319750749085e-04
1.805479117964208305e-03 -1.254594681713108858e-03
3.088488428683191719e-03 -1.544791399584441493e-03
4.710516064021729420e-03 -1.771720847053011999e-03
6.670268532202352531e-03 -1.936064834311743534e-03
8.966221203745371182e-03 -2.038664212144534506e-03
1.159662002064638063e-02 -2.080516951575719399e-03
1.455948344217493362e-02 -2.062775910885821830e-03
1.785260461779387617e-02 -1.986746289466728970e-03
2.147355377649312613e-02 -1.853882767936978170e-03
2.541968082074698432e-02 -1.665786333944972199e-03
2.968811811236573422e-02 -1.424200793161752021e-03
3.427578343671886657e-02 -1.131008965111102334e-03
3.917938313117551308e-02 -7.882285637091186389e-04
4.439541536314439013e-02 -3.980077626923820416e-04
4.992017354279944252e-02 3.737955349166280361e-05
5.574974985545923245e-02 5.155388522736052692e-04
6.188003889864149981e-02 1.033960327393135606e-03
6.830674140904240133e-02 1.590024582861485417e-03
7.502536806508479372e-02 2.181008623374117855e-03
8.203124335123708477e-02 2.804092147225958204e-03
8.931950947101593985e-02 3.456364136819229521e-03
9.688513029643984475e-02 4.134829740798338926e-03
1.047228953426843356e-01 4.836417440699869799e-03
1.128274237577918671e-01 5.557986493773679065e-03
1.211931683184884895e-01 6.296334642317324981e-03
1.298144194244466310e-01 7.048206078478993705e-03
1.386853090846800474e-01 7.810299652029598430e-03
1.477998148911524312e-01 8.579277307093105889e-03
1.571517639761031426e-01 9.351772732265326016e-03
1.667348369510167350e-01 1.012440020695593718e-02
1.765425718265754562e-01 1.089376362516984373e-02
1.865683679143075313e-01 1.165646567631506772e-02
1.968054897119662083e-01 1.240911716099954779e-02
2.072470707759191677e-01 1.314834641817422267e-02
2.178861175849848841e-01 1.387080883841066217e-02
2.287155134011989721e-01 1.457319643658401553e-02
2.397280221339186668e-01 1.525224745578535393e-02
2.509162922144646535e-01 1.590475597292634324e-02
2.622728604891431670e-01 1.652758147524382645e-02
2.737901561389821103e-01 1.711765837577719496e-02
2.854605046348445141e-01 1.767200543489622772e-02
2.972761317367549894e-01 1.818773505411713787e-02
3.092291675462709444e-01 1.866206240777457115e-02
3.213116506205812017e-01 1.909231437763343753e-02
3.335155321566955489e-01 1.947593825523872071e-02
3.458326802536240141e-01 1.981051017672486037e-02
3.582548842598430316e-01 2.009374325495101588e-02
3.707738592126110788e-01 2.032349537419876270e-02
3.833812503748481038e-01 2.049777661327449596e-02
3.960686378743486502e-01 2.061475626369824871e-02
4.088579278614398738e-01 2.068222654032020325e-02
4.217235021504443515e-01 2.072720360950246546e-02
4.346430282400695067e-01 2.075076100788544875e-02
4.476077348466397932e-01 2.075217304455103523e-02
4.606088158182642944e-01 2.073079344136294355e-02
4.736374359179605364e-01 2.068605793528243211e-02
4.866847366604398761e-01 2.061748657055215150e-02
4.997418421978909175e-01 2.052468566709853698e-02
5.127998652497040011e-01 2.040734945344870044e-02
5.258499130707300351e-01 2.026526135449135957e-02
5.388830934523616278e-01 2.009829492651713650e-02
5.518905207504694044e-01 1.990641443413045802e-02
5.648633219340302158e-01 1.968967506581476012e-02
5.777926426481310163e-01 1.944822278713458086e-02
5.906696532849458059e-01 1.918229383275368155e-02
6.034855550562440163e-01 1.889221384061564452e-02
6.162315860610031448e-01 1.857839663375707162e-02
6.288990273417683907e-01 1.824134265728157012e-02
6.414792089235126227e-01 1.788163708000047036e-02
6.539635158289101025e-01 1.749994757212552238e-02
6.663433940641309006e-01 1.709702177216504762e-02
6.786103565694967532e-01 1.667368445781469005e-02
6.907559891295916854e-01 1.623083443713373153e-02
7.027719562377032769e-01 1.576944117764832870e-02
7.146500069097638796e-01 1.529054119221348769e-02
7.263819804432648519e-01 1.479523420149081447e-02
7.379598121169164138e-01 1.428467909375196777e-02
7.493755388271398088e-01 1.376008970339516295e-02
7.606213046577522396e-01 1.322273043006392222e-02
7.716893663794943681e-01 1.267391172058075603e-02
7.825720988762968622e-01 1.211498543605897885e-02
7.932620004954074044e-01 1.154734012653495581e-02
8.037516983187069641e-01 1.097239623527641005e-02
8.140339533526950166e-01 1.039160125457910464e-02
8.241016656347629477e-01 9.806424854369669847e-03
8.339478792534568141e-01 9.218354004299643759e-03
8.435657872804880331e-01 8.628888109253191052e-03
8.529487366122558978e-01 8.039534177314131350e-03
8.620902327186306113e-01 7.451802038255117382e-03
8.709839442966723633e-01 6.867199629542784269e-03
8.796237078268747123e-01 6.287228365706241939e-03
8.880035320293875323e-01 5.713378605711218021e-03
8.961176022175258993e-01 5.147125231730992692e-03
9.039602845456888858e-01 4.589923351424862394e-03
9.115261301486188295e-01 4.043204134538079357e-03
9.188098791687300260e-01 3.508370793340474282e-03
9.258064646680060905e-01 2.986794715137566433e-03
9.325110164207670582e-01 2.479811753830111348e-03
9.389188645833811409e-01 1.988718686282022960e-03
9.450255432367999919e-01 1.514769838088985375e-03
9.508267937976155881e-01 1.059173882236988384e-03
9.563185682931635290e-01 6.230908131070172357e-04
9.614970324960693260e-01 2.076290973305229548e-04
9.663585689135251178e-01 -1.861569978649510806e-04
9.708997796265176339e-01 -5.572698989518469828e-04
9.751174889741937024e-01 -9.047710438454975058e-04
9.790087460785699136e-01 -1.227783024472500935e-03
9.825708272048437886e-01 -1.525491556012866737e-03
9.858012379526721602e-01 -1.797147275031653075e-03
9.886977152739315766e-01 -2.042067368981749509e-03
9.912582293126745991e-01 -2.259637039725829501e-03
9.934809850632413397e-01 -2.449310803796318683e-03
9.953644238427709068e-01 -2.610613632092762156e-03
9.969072245746936067e-01 -2.743141931612463110e-03
9.981083048801517865e-01 -2.846564371629126122e-03
9.989668219747024347e-01 -2.920622556484493790e-03
9.994821733680969711e-01 -2.965131546849094409e-03
9.996539973653868483e-01 -2.979980230947978318e-03
