# NACA 4-digit  m=0.041105 p=0.400 t/c=0.042438  unit chord, x y
1.000407248298895047e+00 2.972229604698647335e-03
1.000236921986134009e+00 3.003933706212249134e-03
9.997260543913544240e-01 3.098972921525597335e-03
9.988749795018447841e-01 3.257128212170477995e-03
9.976842538187049581e-01 3.478035276801446328e-03
9.961546561391912968e-01 3.761185690881604319e-03
9.942871872498453278e-01 4.105928493352171624e-03
9.920830695283068268e-01 4.511472211489094344e-03
9.895437464511628312e-01 4.976887312772331623e-03
9.866708820047017658e-01 5.501109070314490895e-03
9.834663599950030921e-01 6.082940826234234030e-03
9.799322832534187455e-01 6.721057635339719102e-03
9.760709727332018693e-01 7.414010269618725307e-03
9.718849664928105314e-01 8.160229562338999765e-03
9.673770185612632355e-01 8.958031069050688758e-03
9.625500976808569753e-01 9.805620021472394310e-03
9.574073859225776806e-01 1.070109654913721162e-02
9.519522771696300456e-01 1.164246114278828445e-02
9.461883754646965849e-01 1.262762033284677010e-02
9.401194932167956653e-01 1.365439255583598098e-02
9.337496492639469903e-01 1.472051418143132881e-02
9.270830667882525855e-01 1.582364567281981105e-02
9.201241710804676233e-01 1.696137785328717326e-02
9.128775871516637830e-01 1.813123825240321382e-02
9.053481371901426211e-01 1.933069750583660262e-02
8.975408378623638272e-01 2.055717578368948181e-02
8.894608974572839610e-01 2.180804922328663520e-02
8.811137128741335367e-01 2.308065634357128054e-02
8.725048664543151311e-01 2.437230441962999136e-02
8.636401226587401281e-01 2.568027579737886673e-02
8.545254245925397729e-01 2.700183413006917651e-02
8.451668903796846211e-01 2.833423051999384851e-02
8.355708093905963585e-01 2.967470955057495419e-02
8.257436383263436763e-01 3.102051519586266487e-02
8.156919971634642996e-01 3.236889659635693722e-02
8.054226649638485114e-01 3.371711369194736740e-02
7.949425755544321515e-01 3.506244270463571011e-02
7.842588130816998682e-01 3.640218146553108464e-02
7.733786074461681537e-01 3.773365458237049053e-02
7.623093296221097326e-01 3.905421844549351873e-02
7.510584868677965265e-01 4.036126607177052683e-02
7.396337178314800198e-01 4.165223178742601118e-02
7.280427875581874098e-01 4.292459575199952804e-02
7.162935824022150788e-01 4.417588832682496636e-02
7.043941048499366975e-01 4.540369429237529203e-02
6.923524682572127498e-01 4.660565691959986379e-02
6.801768915053412190e-01 4.777948190096614062e-02
6.678756935790652882e-01 4.892294114730314641e-02
6.554572880697429049e-01 5.003387645672210948e-02
6.429301776063305329e-01 5.111020306186331991e-02
6.303029482163917674e-01 5.214991306148709926e-02
6.175842636189015078e-01 5.315107874199547638e-02
6.047828594502085986e-01 5.411185579384834854e-02
5.919075374241280496e-01 5.503048642703206594e-02
5.789671594268064325e-01 5.590530238876396940e-02
5.659706415467143925e-01 5.673472788548739043e-02
5.529269480399081615e-01 5.751728240994634367e-02
5.398450852305558545e-01 5.825158347274718429e-02
5.267340953466627118e-01 5.893634923633732370e-02
5.136030502909544326e-01 5.957040104778177358e-02
5.004610453469910958e-01 6.015266586512200975e-02
4.873171928207986059e-01 6.068217857048273378e-02
4.741806156186000321e-01 6.115808416147823501e-02
4.610604407616344935e-01 6.157963981088643290e-02
4.479657928395326394e-01 6.194621678303246365e-02
4.349057874042936422e-01 6.225730219388120323e-02
4.218895243075561075e-01 6.251250060050403401e-02
4.089260809845823852e-01 6.271153540438573204e-02
3.959999446349759533e-01 6.285198050546966786e-02
3.830894320153799826e-01 6.290004799283309411e-02
3.702586057322001523e-01 6.284523923358811826e-02
3.575166807789847412e-01 6.268874643484897979e-02
3.448728200483517359e-01 6.243200873185848071e-02
3.323361259269825840e-01 6.207670854875636801e-02
3.199156318327431858e-01 6.162476727146845579e-02
3.076202937158546979e-01 6.107834022558208953e-02
2.954589815476319492e-01 6.043981095451050889e-02
2.834404708216721192e-01 5.971178479592441357e-02
2.715734340935004876e-01 5.889708175731913492e-02
2.598664325855331025e-01 5.799872869467216641e-02
2.483279078847799581e-01 5.701995080139599104e-02
2.369661737609695118e-01 5.596416241818125137e-02
2.257894081327286306e-01 5.483495717782280177e-02
2.148056452090799651e-01 5.363609750269418552e-02
2.040227678328359329e-01 5.237150347615138202e-02
1.934485000514762354e-01 5.104524111277380927e-02
1.830903999398035276e-01 4.966151005595204754e-02
1.729558526970950416e-01 4.822463073487912727e-02
1.630520640396308507e-01 4.673903101646140895e-02
1.533860539073995388e-01 4.520923239100574365e-02
1.439646505014884059e-01 4.363983573373421410e-02
1.347944846661916218e-01 4.203550668719666789e-02
1.258819846272427601e-01 4.040096071247229609e-02
1.172333710948358088e-01 3.874094785964826704e-02
1.088546527372766942e-01 3.706023731041896419e-02
1.007516220282431429e-01 3.536360174774163395e-02
9.292985146775607774e-02 3.365580160930074088e-02
8.539469017412690266e-02 3.194156928305796200e-02
7.815126084137140328e-02 3.022559330438932129e-02
7.120445705390622548e-02 2.851250261522407514e-02
6.455894094781038095e-02 2.680685094619845998e-02
5.821914120556186123e-02 2.511310138311511481e-02
5.218925136898710376e-02 2.343561117895631707e-02
4.647322845320795565e-02 2.177861687233471899e-02
4.107479184266314004e-02 2.014621977258326119e-02
3.599742244883989001e-02 1.854237187068962650e-02
3.124436210818958004e-02 1.697086223397668847e-02
2.681861319783328951e-02 1.543530394082616788e-02
2.272293844609980448e-02 1.393912160984815858e-02
1.895986091468037163e-02 1.248553957572399661e-02
1.553166412923869498e-02 1.107757076150757587e-02
1.244039233567151639e-02 9.718006294471479706e-03
9.687850859876218426e-03 8.409405909646429367e-03
7.275606549831508882e-03 7.154089182038536783e-03
5.204988280022073907e-03 5.954127625134527507e-03
3.477087499728167067e-03 4.811337689740927299e-03
2.092758808425431750e-03 3.727274693461128403e-03
1.052620543487678244e-03 2.703227707218689314e-03
3.570553675210494577e-04 1.740215421199949519e-03
6.210844960872656051e-06 8.389830084367476794e-04
0.000000000000000000e+00 0.000000000000000000e+00
3.364641794818674881e-04 -7.685692362039648956e-04
1.013409877905117364e-03 -1.458789524568909627e-03
2.030045723384357910e-03 -2.070878257919109202e-03
3.385345823301278388e-03 -2.605232961504617539e-03
5.078051126461450779e-03 -3.062430161811668331e-03
7.106671124840155743e-03 -3.443223977205452438e-03
9.469485886213874562e-03 -3.748544429013224606e-03
1.216454840631809274e-02 -3.979495470939971476e-03
1.518968726665192656e-02 -4.137352734046593865e-03
1.854250958169299107e-02 -4.223560983922345843e-03
2.222040421712657629e-02 -4.239731286159803374e-03
2.622054525874666434e-02 -4.187637875800417561e-03
3.053989570998828090e-02 -4.069214726072086820e-03
3.517521139460867696e-02 -3.886551811495029402e-03
4.012304503987337151e-02 -3.641891060297734219e-03
4.537975051473599336e-02 -3.337621991067936736e-03
5.094148719693141619e-02 -2.976277028672303510e-03
5.680422444264499743e-02 -2.560526494718768156e-03
6.296374613247275598e-02 -2.093173268213550584e-03
6.941565526775091144e-02 -1.577147112585152236e-03
7.615537859200148529e-02 -1.015498665914852869e-03
8.317817121320454643e-02 -4.113930920296767629e-04
9.047912120385739887e-02 2.318966089179114176e-04
9.805315415729647099e-02 9.109966306390659962e-04
1.058950376805215809e-01 1.622439730649537226e-03
1.139993858057524040e-01 2.362672937524377265e-03
1.223606633051332604e-01 3.128065591459758960e-03
1.309731898953628848e-01 3.914917712426864427e-03
1.398311443215206340e-01 4.719468688359304553e-03
1.489285683119640213e-01 5.537906273847044425e-03
1.582593703988464384e-01 6.366375887726059835e-03
1.678173296015109117e-01 7.200990195766608648e-03
1.775960989727213002e-01 8.037838962388334230e-03
1.875892090103589704e-01 8.872999152983972182e-03
1.977900709398031087e-01 9.702545266033289068e-03
2.081919798746909300e-01 1.052255987175481841e-02
2.187881178660870951e-01 1.132914433159852921e-02
2.295715568522441741e-01 1.211842967044834615e-02
2.405352615230815783e-01 1.288658757100853702e-02
2.516720921152199031e-01 1.362984145751464440e-02
2.629748071548583255e-01 1.434447763366954523e-02
2.744360661669527635e-01 1.502685643758192718e-02
2.860484323700326348e-01 1.567342337451105294e-02
2.978043753765676760e-01 1.628072018642397201e-02
3.096962739190554648e-01 1.684539581577707348e-02
3.217164186219564348e-01 1.736421721957355155e-02
3.338570148392463466e-01 1.783407998864434615e-02
3.461101855767008129e-01 1.825201872627865013e-02
3.584679745170925025e-01 1.861521713981373338e-02
3.709223491652788862e-01 1.892101779859923713e-02
3.834652041287144875e-01 1.916693151189852173e-02
3.960883645472646486e-01 1.935064628078685123e-02
4.088383935232698940e-01 1.948111545202744002e-02
4.216760106522129403e-01 1.958981104982163851e-02
4.345680203756546733e-01 1.967781042132410799e-02
4.475057438928137232e-01 1.974407906684095410e-02
4.604804635105204658e-01 1.978767218783246754e-02
4.734834281384560084e-01 1.980773843235374143e-02
4.865058588713280785e-01 1.980352325093191410e-02
4.995389546530087932e-01 1.977437184192841479e-02
5.125738980169186609e-01 1.971973166822777249e-02
5.256018608962808036e-01 1.963915453002933534e-02
5.386140104972889642e-01 1.953229818157141071e-02
5.516015152277451428e-01 1.939892748275349674e-02
5.645555506733369588e-01 1.923891507981518798e-02
5.774673056134242977e-01 1.905224161244579995e-02
5.903279880680192271e-01 1.883899544790968925e-02
6.031288313675505774e-01 1.859937194594218912e-02
6.158611002370038001e-01 1.833367226127765454e-02
6.285160968861289721e-01 1.804230169367848288e-02
6.410851670975918903e-01 1.772576759821990061e-02
6.535597063052045463e-01 1.738467687132116968e-02
6.659311656547055591e-01 1.701973303057697368e-02
6.781910580399588273e-01 1.663173290881154315e-02
6.903309641078768655e-01 1.622156298493322366e-02
7.023425382258634553e-01 1.579019537609253204e-02
7.142175144060797232e-01 1.533868351732744009e-02
7.259477121813593392e-01 1.486815755630729180e-02
7.375250424281281081e-01 1.437981949195010593e-02
7.489415131322032515e-01 1.387493808658514516e-02
7.601892350938390663e-01 1.335484358196046065e-02
7.712604275688585975e-01 1.282092224975357568e-02
7.821474238431327386e-01 1.227461080733915737e-02
7.928426767380407636e-01 1.171739072940492128e-02
8.033387640448719225e-01 1.115078248559566235e-02
8.136283938863729803e-01 1.057633973371936882e-02
8.237044100038397598e-01 9.995643497179511339e-03
8.335597969682614350e-01 9.410296354223588247e-03
8.431876853140692907e-01 8.821916665334302368e-03
8.525813565940076888e-01 8.232132863660899386e-03
8.617342483535473940e-01 7.642577831808565827e-03
8.706399590230788910e-01 7.054883386602924661e-03
8.792922527258975052e-01 6.470674891640923465e-03
8.876850639996867187e-01 5.891566015556418123e-03
8.958125024288711158e-01 5.319153651989560506e-03
9.036688571848048301e-01 4.755013015279169197e-03
9.112486014703516934e-01 4.200692923917362549e-03
9.185463968649564270e-01 3.657711281840797350e-03
9.255570975658395927e-01 3.127550765703488236e-03
9.322757545204913843e-01 2.611654724401430046e-03
9.386976194451696065e-01 2.111423295323286084e-03
9.448181487236712028e-01 1.628209740094967335e-03
9.506330071802302495e-01 1.163317000992680414e-03
9.561380717200230750e-01 7.179944777274431186e-04
9.613294348304297632e-01 2.934350229708776805e-04
9.662034079359383965e-01 -1.092278461953845314e-04
9.707565245993677872e-01 -4.889225247555325712e-04
9.749855435619517730e-01 -8.446416888784630955e-04
9.788874516147743066e-01 -1.175444463102508479e-03
9.824594662940651091e-01 -1.480458391544149568e-03
9.856990383929747912e-01 -1.758881219458130170e-03
9.886038542826428577e-01 -2.009982491680715674e-03
9.911718380356476787e-01 -2.233104974532128251e-03
9.934011533452924425e-01 -2.427665907644067401e-03
9.952902052346191963e-01 -2.593158091923821341e-03
9.968376415495683318e-01 -2.729150819476742172e-03
9.980423542312832907e-01 -2.835290650795784309e-03
9.989034803632192983e-01 -2.911302043903762730e-03
9.994204029894231400e-01 -2.956987839416766895e-03
9.995927517011049535e-01 -2.972229604698647335e-03
