# NACA 4-digit  m=0.042839 p=0.400 t/c=0.049906  unit chord, x y
1.000424092260157272e+00 2.969873019991704950e-03
1.000254026981537203e+00 3.004096388120306230e-03
9.997439410650788005e-01 3.106688088030248700e-03
9.988941642341399030e-01 3.277413155298656167e-03
9.977052459110975491e-01 3.515880811127193497e-03
9.961779550411582473e-01 3.821545700163735994e-03
9.943132798429803465e-01 4.193709613425832157e-03
9.921124274834660639e-01 4.631523686407299292e-03
9.895768236733882839e-01 5.133991059771881096e-03
9.867081121798997323e-01 5.699969987474377484e-03
9.835081542514186870e-01 6.328177374721834225e-03
9.799790279499026591e-01 7.017192725922323342e-03
9.761230273851296824e-01 7.765462480678607046e-03
9.719426618453070876e-01 8.571304713995992614e-03
9.674406548181170296e-01 9.432914175195220019e-03
9.626199428962073368e-01 1.034836763857463829e-02
9.574836745611284838e-01 1.131562953765608524e-02
9.520352088398207346e-01 1.233255785389074724e-02
9.462781138279464654e-01 1.339691022999689105e-02
9.402161650746613253e-01 1.450635027765911043e-02
9.338533438238053597e-01 1.565845404913598221e-02
9.271938351069559658e-01 1.685071664240259115e-02
9.202420256843391044e-01 1.808055890978802621e-02
9.130025018302041495e-01 1.934533424065199014e-02
9.054800469599320056e-01 2.064233538946847607e-02
8.976796390968613260e-01 2.196880132173537753e-02
8.896064481775627364e-01 2.332192405139313363e-02
8.812658331950433688e-01 2.469885544489654541e-02
8.726633391801413842e-01 2.609671396872070143e-02
8.638046940221241199e-01 2.751259135887607066e-02
8.546958051302350201e-01 2.894355919293444684e-02
8.453427559386479384e-01 3.038667534710255344e-02
8.357518022579361050e-01 3.183899032299898624e-02
8.259293684767669008e-01 3.329755343096497261e-02
8.158820436180598268e-01 3.475941881894442642e-02
8.056165772543117942e-01 3.622165133817338567e-02
7.951398752871550180e-01 3.768133223909995305e-02
7.844589955965044492e-01 3.913556469308172164e-02
7.735811435648406453e-01 4.058147913745351054e-02
7.625136674822728944e-01 4.201623844349858250e-02
7.512640538380253030e-01 4.343704290866638729e-02
7.398399225039072880e-01 4.484113507603527948e-02
7.282490218151421724e-01 4.622580438550160514e-02
7.164992235536696841e-01 4.758839166246410513e-02
7.045985178387075276e-01 4.892629345085293402e-02
6.925550079289380934e-01 5.023696619820812448e-02
6.803769049402466074e-01 5.151793030113495375e-02
6.680725224824171082e-01 5.276677401984514182e-02
6.556502712176696113e-01 5.398115727062734875e-02
6.431186533433670416e-01 5.515881530497981911e-02
6.304862570006681821e-01 5.629756228378040434e-02
6.177617506103596501e-01 5.739529475427522509e-02
6.049538771365934320e-01 5.844999503684074338e-02
5.920714482787738930e-01 5.945973452743123777e-02
5.791233385914308363e-01 6.042267692037772697e-02
5.661184795315619134e-01 6.133708135477455858e-02
5.530658534326632347e-01 6.220130548609658500e-02
5.399744874044879461e-01 6.301380848295759507e-02
5.268534471574999323e-01 6.377315394707473717e-02
5.137118307510192272e-01 6.447801275257095122e-02
5.005587622641991530e-01 6.512716579875976741e-02
4.874033853892382750e-01 6.571950666854155243e-02
4.742548569466020214e-01 6.625404418253108552e-02
4.611223403225223061e-01 6.672990483706395248e-02
4.480149988296470709e-01 6.714633511232491470e-02
4.349419889924163174e-01 6.750270363503826920e-02
4.219124537595473901e-01 6.779850317848482022e-02
4.089355156469040575e-01 6.803335248109762534e-02
3.959904139415828528e-01 6.820462447171693476e-02
3.830488582046140955e-01 6.827689668807848666e-02
3.701868213996750701e-01 6.823910263025091683e-02
3.574136385252535408e-01 6.809240555279652551e-02
3.447385946170275495e-01 6.783823163875901674e-02
3.321709157423295422e-01 6.747826656177088878e-02
3.197197599141839430e-01 6.701445130429831143e-02
3.073942079514657699e-01 6.644897722110790217e-02
2.952032543136578480e-01 6.578428033983767242e-02
2.831557979403237502e-01 6.502303489364003042e-02
2.712606331267466420e-01 6.416814608420604027e-02
2.595264404681791870e-01 6.322274207705394500e-02
2.479617779057792237e-01 6.219016523473228780e-02
2.365750719075591368e-01 6.107396259751788486e-02
2.253746088175495876e-01 5.987787562524340967e-02
2.143685264058530771e-01 5.860582921802795497e-02
2.035648056513550685e-01 5.726192003786917395e-02
1.929712627875761199e-01 5.585040415724770030e-02
1.825955416404991816e-01 5.437568406505417784e-02
1.724451062852140892e-01 5.284229506423755718e-02
1.625272340459160136e-01 5.125489109955512490e-02
1.528490088612001196e-01 4.961823005764302852e-02
1.434173150337482716e-01 4.793715858528938695e-02
1.342388313804445676e-01 4.621659647524797854e-02
1.253200257957223784e-01 4.446152067215324022e-02
1.166671502375798003e-01 4.267694895405831079e-02
1.082862361422489844e-01 4.086792334779797142e-02
1.001830902700119319e-01 3.903949333875476879e-02
9.236329098116154157e-02 3.719669893766498758e-02
8.483218493766619961e-02 3.534455366882620353e-02
7.759488422274449237e-02 3.348802754544977223e-02
7.065626386733619979e-02 3.163203009893088280e-02
6.402095976941328537e-02 2.978139352948092067e-02
5.769336698923828444e-02 2.794085604587842608e-02
5.167763840108861167e-02 2.611504546204559268e-02
4.597768367965036213e-02 2.430846311774857715e-02
4.059716859727242194e-02 2.252546818995596056e-02
3.553951460658578282e-02 2.077026246027654025e-02
3.080789868164929626e-02 1.904687560244236813e-02
2.640525338979834991e-02 1.735915105201567277e-02
2.233426716575735022e-02 1.571073251838977364e-02
1.859738475933288629e-02 1.410505119673613125e-02
1.519680782813736392e-02 1.254531373483771042e-02
1.213449564729248559e-02 1.103449100675471702e-02
9.412165908927721397e-03 9.575307742012305681e-03
7.031295585502314073e-03 8.170233055495017271e-03
4.993121832524271414e-03 6.821471919497590006e-03
3.298642908102095324e-03 5.530957615438211218e-03
1.948619088909640893e-03 4.300345198601837789e-03
9.435735645552697885e-04 3.131006004974519474e-03
2.837932949835706765e-04 2.024023224769159243e-03
-3.067018162575371916e-05 9.801885626542381977e-04
0.000000000000000000e+00 0.000000000000000000e+00
3.733452060684938362e-04 -9.068042630913228028e-04
1.086671950442596145e-03 -1.730724887693005148e-03
2.139092702316766365e-03 -2.471979795408088369e-03
3.529485542817069246e-03 -3.130968186562516770e-03
5.256495718087522521e-03 -3.708269384603085205e-03
7.318537572337958236e-03 -4.204641438322815825e-03
9.713796850543070238e-03 -4.621019479708620564e-03
1.244023335726658977e-02 -4.958513834192540895e-03
1.549558395503095737e-02 -5.218407879136082936e-03
1.887736588279432387e-02 -5.402155645498872734e-03
2.258288037247406163e-02 -5.511379156850383654e-03
2.660921653908911860e-02 -5.547865499186279033e-03
3.095325551802322050e-02 -5.513563614420581224e-03
3.561167482114895727e-02 -5.410580809951010678e-03
4.058095288212747870e-02 -5.241178976347209660e-03
4.585737376012671146e-02 -5.007770504999460581e-03
5.143703197048900971e-02 -4.712913897497266608e-03
5.731583741054348952e-02 -4.359309058591000555e-03
6.348952034879633277e-02 -3.949792264832789959e-03
6.995363644614800702e-02 -3.487330801401173144e-03
7.670357177857151099e-02 -2.975017260193698124e-03
8.373454783183145733e-02 -2.416063493026711015e-03
9.104162644031810192e-02 -1.813794214715277325e-03
9.861971464389100717e-02 -1.171640251921211157e-03
1.064635694387527920e-01 -4.931314349536468356e-04
1.145678024007801138e-01 2.181108688162833320e-04
1.229268841623892689e-01 9.583815796089696637e-04
1.315351487268832664e-01 1.723900085811018446e-03
1.403867976072676882e-01 2.510818776325574736e-03
1.494759037797041556e-01 3.315231918395472599e-03
1.587964154450458576e-01 4.133184872288902384e-03
1.683421595952257488e-01 4.960683631793267462e-03
1.781068453846022526e-01 5.793704676896421074e-03
1.880840673096633164e-01 6.628205122363988594e-03
1.982673082037032242e-01 7.460133143165077751e-03
2.086499420561717943e-01 8.285438654879472703e-03
2.192252366693139831e-01 9.100084224362262747e-03
2.299863561674232171e-01 9.900056183070746890e-03
2.409263633764919532e-01 1.068137591260596292e-02
2.520382220942206652e-01 1.144011126921311988e-02
2.633147992722122410e-01 1.217238811125818596e-02
2.747488671337066091e-01 1.287440189108030736e-02
2.863331052513810038e-01 1.354242927014990758e-02
2.980601026105417772e-01 1.417283971417198848e-02
3.099223596834443928e-01 1.476210702269736136e-02
3.219122905405156776e-01 1.530682074597789280e-02
3.340222250238993884e-01 1.580369744025392556e-02
3.462444110080249993e-01 1.624959171142619646e-02
3.585710167708237028e-01 1.664150699616908508e-02
3.709941334978039684e-01 1.697660602900985180e-02
3.835057779394803745e-01 1.725222094375561746e-02
3.960978952406577491e-01 1.746586295790913609e-02
4.088289588609482217e-01 1.762673816675082786e-02
4.216530812002216577e-01 1.776743714689710610e-02
4.345318187875319982e-01 1.788898407340758570e-02
4.474565379026992917e-01 1.799020781015851778e-02
4.604185639496326532e-01 1.807002859929864383e-02
4.734091868104540191e-01 1.812746232078555481e-02
4.864196663028884093e-01 1.816162433333239415e-02
4.994412377358007360e-01 1.817173287237041496e-02
5.124651175568538664e-01 1.815711198380758756e-02
5.254825090854435832e-01 1.811719397570609943e-02
5.384846083233568725e-01 1.805152137348371016e-02
5.514626098349900696e-01 1.795974836782617684e-02
5.644077126884894380e-01 1.784164174814755963e-02
5.773111264487998939e-01 1.769708131811352850e-02
5.901640772133733837e-01 1.752605979341692599e-02
6.029578136811657441e-01 1.732868218562321969e-02
6.156836132455456578e-01 1.710516467945853367e-02
6.283327881018525574e-01 1.685583301435390063e-02
6.408966913605553817e-01 1.658112038435906668e-02
6.533667231572778400e-01 1.628156487366500677e-02
6.657343367513537391e-01 1.595780644789876815e-02
6.779910446050534389e-01 1.561058352405319746e-02
6.901284244361515219e-01 1.524072914436390078e-02
7.021381252370926251e-01 1.484916678162827644e-02
7.140118732546251179e-01 1.443690580535937976e-02
7.257414779244045766e-01 1.400503663977036711e-02
7.373188377557008399e-01 1.355472564588166076e-02
7.487359461619744749e-01 1.308720976102910848e-02
7.599848972336759045e-01 1.260379092972526913e-02
7.710578914501861059e-01 1.210583036018722525e-02
7.819472413283281576e-01 1.159474264090070740e-02
7.926453770053178971e-01 1.107198975134791007e-02
8.031448517544086396e-01 1.053907500049663763e-02
8.134383474317774532e-01 9.997536925847403527e-03
8.235186798534165353e-01 9.448943184777036999e-03
8.333788041009216885e-01 8.894884468624205884e-03
8.430118197551059733e-01 8.336968468452356923e-03
8.524109760563124416e-01 7.776813919727175103e-03
8.615696769901634022e-01 7.216044751276360150e-03
8.704814862972526379e-01 6.656284361893657561e-03
8.791401324049876731e-01 6.099150045826225858e-03
8.875395132794079434e-01 5.546247586177109265e-03
8.956737011943736171e-01 4.999166032987134925e-03
9.035369474150154456e-01 4.459472680463512709e-03
9.111236867918113269e-01 3.928708255519346507e-03
9.184285422610849459e-01 3.408382327508946777e-03
9.254463292471362124e-01 2.899968946811786255e-03
9.321720599606330149e-01 2.404902517756041594e-03
9.386009475873039465e-01 1.924573909308080824e-03
9.447284103604213223e-01 1.460326805000518140e-03
9.505500755100395605e-01 1.013454291755039836e-03
9.560617830814722717e-01 5.851956855875486974e-04
9.612595896150794017e-01 1.767335906810978824e-04
9.661397716790846024e-01 -2.108088130147048669e-04
9.706988292468712309e-01 -5.763702596389367466e-04
9.749334889100239598e-01 -9.189536716561696149e-04
9.788407069182903930e-01 -1.237628226152007009e-03
9.824176720376495142e-01 -1.531531221412845995e-03
9.856618082177768247e-01 -1.799869752366229378e-03
9.885707770604174049e-01 -2.041922203613113617e-03
9.911424800804884416e-01 -2.257039568748575326e-03
9.933750607521574238e-01 -2.444646604449625740e-03
9.952669063326522458e-01 -2.604242827420269989e-03
9.968166494571757408e-01 -2.735403361734969636e-03
9.980231694989881719e-01 -2.837779643427270574e-03
9.988855936894949217e-01 -2.911099988345624417e-03
9.994032979940199457e-01 -2.955170028362570991e-03
9.995759077398427284e-01 -2.969873019991704950e-03
