# NACA 4-digit  m=0.033830 p=0.400 t/c=0.025916  unit chord, x y
1.000336171596218238e+00 2.981105274540976277e-03
1.000165284160716705e+00 3.005267676888930591e-03
9.996527363188106863e-01 3.077698289703167944e-03
9.987988714025490822e-01 3.198227503087761221e-03
9.976042614260566266e-01 3.366573208977923816e-03
9.960697067761392631e-01 3.582341660704166028e-03
9.941962357782135884e-01 3.845028670253066924e-03
9.919851041366741784e-01 4.154021137156439780e-03
9.894377942485829136e-01 4.508598901295476566e-03
9.865560143893706835e-01 4.907936910325123338e-03
9.833416977690707661e-01 5.351107690919255748e-03
9.797970014574670650e-01 5.837084111624531862e-03
9.759243051764365795e-01 6.364742423796337922e-03
9.717262099577056444e-01 6.932865565890200879e-03
9.672055366642134944e-01 7.540146715299879399e-03
9.623653243732975815e-01 8.185193070982171859e-03
9.572088286199776919e-01 8.866529849290628873e-03
9.517395194987176010e-01 9.582604474764642305e-03
9.459610796221907814e-01 1.033179094708790158e-02
9.398774019357615250e-01 1.111239436504561640e-02
9.334925873866174451e-01 1.192265558807204320e-02
9.268109424467456670e-01 1.276075601589054045e-02
9.198369764892346812e-01 1.362482246680282727e-02
9.125753990177034591e-01 1.451293213538092271e-02
9.050311167489945019e-01 1.542311761064844508e-02
8.972092305496228715e-01 1.635337193630135438e-02
8.891150322268502881e-01 1.730165369510336046e-02
8.807540011756157528e-01 1.826589210029116658e-02
8.721318008829416213e-01 1.924399207762626796e-02
8.632542752918008766e-01 2.023383932262518003e-02
8.541274450267892782e-01 2.123330531847443872e-02
8.447575034843017860e-01 2.224025230117844878e-02
8.351508127902255163e-01 2.325253815958406786e-02
8.253138996284742346e-01 2.426802125906093316e-02
8.152534509439463006e-01 2.528456517877803247e-02
8.049763095237402188e-01 2.630004335368801849e-02
7.944894694606499108e-01 2.731234361350008688e-02
7.838000715031334664e-01 2.831937261207308903e-02
7.729153982960689229e-01 2.931906014177948494e-02
7.618428695166917786e-01 3.030936332846566328e-02
7.505900369101524694e-01 3.128827070365135243e-02
7.391645792291335892e-01 3.225380615155751945e-02
7.275742970819253364e-01 3.320403272942067108e-02
7.158271076932894994e-01 3.413705636032774576e-02
7.039310395823357158e-01 3.505102939848533938e-02
6.918942271614898498e-01 3.594415406741038876e-02
6.797249052604897868e-01 3.681468577199124848e-02
6.674314035791452104e-01 3.766093628571604707e-02
6.550221410724169635e-01 3.848127681459369287e-02
6.425056202711598718e-01 3.927414093940453238e-02
6.298904215416669672e-01 4.003802743791052415e-02
6.171851972869480951e-01 4.077150298853306210e-02
6.043986660924832721e-01 4.147320475677367113e-02
5.915396068190047485e-01 4.214184286531461737e-02
5.786168526447054150e-01 4.277620274830035152e-02
5.656392850591352994e-01 4.337514738977565898e-02
5.526158278109457589e-01 4.393761944565175576e-02
5.395554408115678102e-01 4.446264324789956507e-02
5.264671139968882807e-01 4.494932668894215111e-02
5.133598611489937902e-01 4.539686298344856180e-02
5.002427136801101959e-01 4.580453230393449066e-02
4.871247143809706581e-01 4.617170328576460786e-02
4.740149111359859280e-01 4.649783439634333493e-02
4.609223506077895771e-01 4.678247516249016413e-02
4.478560718939633700e-01 4.702526724923714735e-02
4.348251001590289211e-01 4.722594538257673252e-02
4.218384402451060278e-01 4.738433810804010965e-02
4.089050702649911773e-01 4.750036837641671839e-02
3.960211609459423077e-01 4.757220032116611652e-02
3.831797202223791166e-01 4.757238151956265371e-02
3.704182906426604638e-01 4.749247922919587472e-02
3.577458241370168879e-01 4.733360261716246242e-02
3.451712159023641036e-01 4.709705491234084107e-02
3.327032972953518630e-01 4.678432984773679693e-02
3.203508287179157588e-01 4.639710758192843593e-02
3.081224925074836918e-01 4.593725009930563208e-02
2.960268858448168450e-01 4.540679609036799014e-02
2.840725136931933625e-01 4.480795531504951773e-02
2.722677817832587777e-01 4.414310245386477566e-02
2.606209896583671637e-01 4.341477045361238907e-02
2.491403237955927552e-01 4.262564337641303047e-02
2.378338508178080013e-01 4.177854876298559006e-02
2.267095108122909597e-01 4.087644952326362907e-02
2.157751107712317096e-01 3.992243536970419698e-02
2.050383181692582435e-01 3.891971381092670934e-02
1.945066546926980111e-01 3.787160072562199137e-02
1.841874901347287929e-01 3.678151053897023987e-02
1.740880364698623173e-01 3.565294602608300861e-02
1.642153421203518260e-01 3.448948776921879900e-02
1.545762864261316372e-01 3.329478329769433587e-02
1.451775743287898324e-01 3.207253594150607373e-02
1.360257312788656081e-01 3.082649343166954381e-02
1.271270983744586802e-01 2.956043628216138697e-02
1.184878277377601624e-01 2.827816599009249851e-02
1.101138781346788220e-01 2.698349309233630949e-02
1.020110108412623923e-01 2.568022511826834747e-02
9.418478575911799766e-02 2.437215447952993663e-02
8.664055778054140233e-02 2.306304633879790664e-02
7.938347340258877782e-02 2.175662650041406895e-02
7.241846758788349214e-02 2.045656936639343726e-02
6.575026086856922136e-02 1.916648600178304934e-02
5.938335668850931032e-02 1.788991235357702617e-02
5.332203897761296496e-02 1.663029766740558094e-02
4.757036995105407007e-02 1.539099314600264612e-02
4.213218812515118206e-02 1.417524089301861780e-02
3.701110654081337520e-02 1.298616318508220499e-02
3.221051118473165081e-02 1.182675211413012663e-02
2.773355959792084269e-02 1.069985964091962893e-02
2.358317966079868239e-02 9.608188099321412351e-03
1.976206854372891675e-02 8.554281189465362187e-03
1.627269181185999475e-02 7.540515496086983363e-03
1.311728267315399356e-02 6.569092566505625730e-03
1.029784135872722703e-02 5.642031580568207701e-03
7.816134625004474146e-03 4.761162642623561342e-03
5.673695367716449604e-03 3.928120723163928268e-03
3.871822338444096123e-03 3.144340275196649132e-03
2.411579955211638152e-03 2.411050547699998287e-03
1.293798199553324035e-03 1.729271615690627711e-03
5.190725935033679590e-04 1.099811143497074917e-03
8.776425107658612573e-05 5.232618948119930734e-04
0.000000000000000000e+00 0.000000000000000000e+00
2.549107733661540049e-04 -4.653104335646654813e-04
8.513926519227988082e-04 -8.681939267870877885e-04
1.788868067318712118e-03 -1.208839696708842058e-03
3.066524676515071986e-03 -1.487595435362065385e-03
4.683316287745521722e-03 -1.704966362734035117e-03
6.637964037145780045e-03 -1.861613975482693997e-03
8.928957811040909298e-03 -1.958354491278670347e-03
1.155455790746708414e-02 -1.996156988462385526e-03
1.451279692916944940e-02 -1.976141240555309014e-03
1.780148189907169304e-02 -1.899575245060226153e-03
2.141819658807803117e-02 -1.767872445934159150e-03
2.536030404404778643e-02 -1.582588649125911233e-03
2.962494930990072772e-02 -1.345418630644876733e-03
3.420906231806660619e-02 -1.058192436774471959e-03
3.910936094789988632e-02 -7.228713762682924954e-04
4.432235423224795134e-02 -3.415437046737773708e-04
4.984434569908530177e-02 8.357999867807282268e-05
5.567143683401913623e-02 5.501717599950099735e-04
6.179953064952530689e-02 1.055791445059846984e-03
6.822433534699207103e-02 1.597892295712546526e-03
7.494136805802421863e-02 2.173826765744455922e-03
8.194595865198717188e-02 2.780852652310802919e-03
8.923325359744289920e-02 3.416139518013689563e-03
9.679821986593455108e-02 4.076775397762267064e-03
1.046356488675023316e-01 4.759773783382994020e-03
1.127401604083502762e-01 5.462080877735765380e-03
1.211062066622089067e-01 6.180583108795708464e-03
1.297280761481469646e-01 6.912114892794002374e-03
1.385998977088466477e-01 7.653466634080292874e-03
1.477156444846625949e-01 8.401392947884825033e-03
1.570691378801143401e-01 9.152621090629699599e-03
1.666540515207899364e-01 9.903859580877029736e-03
1.764639151999540245e-01 1.065180699242006084e-02
1.864921188154337051e-01 1.139316089943473442e-02
1.967319162985813330e-01 1.212462695202765582e-02
2.071764295382686194e-01 1.284292805895776400e-02
2.178186523039353506e-01 1.354481365278847882e-02
2.286514541726818450e-01 1.422706901126064884e-02
2.396675844662430888e-01 1.488652460728233026e-02
2.508596762044071338e-01 1.552006545862399424e-02
2.622202500820242643e-01 1.612464044720637174e-02
2.737417184771944734e-01 1.669727157678727730e-02
2.854163894985113914e-01 1.723506313691134523e-02
2.972364710793827802e-01 1.773521074019749136e-02
3.091940751274264709e-01 1.819501019941720255e-02
3.212812217367838619e-01 1.861186621037754646e-02
3.334898434708770676e-01 1.898330080637718187e-02
3.458117897226884452e-01 1.930696154996193459e-02
3.582388311590603558e-01 1.958062942788003913e-02
3.707626642548185747e-01 1.980222641552916232e-02
3.833749159217153535e-01 1.996982267780682274e-02
3.960671482362982943e-01 2.008164337412157718e-02
4.088594042428611020e-01 2.014526499731893530e-02
4.217270947146630200e-01 2.018694491015165376e-02
4.346487076209193945e-01 2.020773062924225566e-02
4.476154648383829926e-01 2.020692134273555790e-02
4.606185536643653822e-01 2.018389346926487138e-02
4.736491326210701125e-01 2.013810317127841254e-02
4.866983373111560263e-01 2.006908856739667707e-02
4.997572863198896931e-01 1.997647163065286585e-02
5.128170871588793034e-01 1.985995976134945912e-02
5.258688422460552347e-01 1.971934702522962213e-02
5.389036549162770084e-01 1.955451504969688697e-02
5.519126354567075454e-01 1.936543357290045758e-02
5.648869071609160519e-01 1.915216064261823781e-02
5.778176123955253152e-01 1.891484246399626964e-02
5.906959186731425282e-01 1.865371289732360716e-02
6.035130247252759039e-01 1.836909260911412031e-02
6.162601665689572128e-01 1.806138788181768998e-02
6.289286235608537723e-01 1.773108908947017975e-02
6.415097244327625514e-01 1.737876884850127202e-02
6.539948533025304878e-01 1.700507985473397737e-02
6.663754556546256369e-01 1.661075241931531110e-02
6.786430442848102595e-01 1.619659171790106822e-02
6.907892052035997654e-01 1.576347476886656718e-02
7.028056034934644369e-01 1.531234715761968165e-02
7.146839891150053026e-01 1.484421952524322096e-02
7.264162026576214126e-01 1.436016384068465428e-02
7.379941810304745387e-01 1.386130947653624323e-02
7.494099630898473086e-01 1.334883910910436566e-02
7.606556951992570204e-01 1.282398446395319018e-02
7.717236367189578283e-01 1.228802192842219816e-02
7.826061654216991403e-01 1.174226805276436768e-02
7.932957828318230042e-01 1.118807496153391250e-02
8.037851194849802150e-01 1.062682569667420564e-02
8.140669401058909793e-01 1.005992951342721611e-02
8.241341487017092016e-01 9.488817149710305002e-03
8.339797935686322772e-01 8.914936088997123947e-03
8.435970722094521257e-01 8.339745836004799212e-03
8.529793361597581836e-01 7.764713223644388075e-03
8.621200957204866455e-01 7.191307768743852510e-03
8.710130245944524008e-01 6.620997093021599098e-03
8.796519644244152891e-01 6.055242424682145096e-03
8.880309292301203916e-01 5.495494194842281271e-03
8.961441097416120716e-01 4.943187741787797782e-03
9.039858776259529494e-01 4.399739134824168924e-03
9.115507896043120173e-01 3.866541128231528943e-03
9.188335914561893691e-01 3.344959254580999290e-03
9.258292219073465112e-01 2.836328065428698857e-03
9.325328163978209295e-01 2.341947526187320751e-03
9.389397107262037467e-01 1.863079570798806782e-03
9.450454445661770064e-01 1.400944820701831468e-03
9.508457648511426941e-01 9.567194715199515281e-04
9.563366290226230637e-01 5.315323498960005527e-04
9.615142081379891570e-01 1.264621419763377330e-04
9.663748898329881376e-01 -2.574652057900136265e-04
9.709152811344726741e-01 -6.192789136203109314e-04
9.751322111187170627e-01 -9.580656238714693740e-04
9.790227334107259871e-01 -1.272971486311303638e-03
9.825841285199974351e-01 -1.563204074937860283e-03
9.858139060083058736e-01 -1.828034138455098814e-03
9.887098064852227752e-01 -2.066797186773057949e-03
9.912698034272803271e-01 -2.278894916064416656e-03
9.934921048169241820e-01 -2.463796474980586848e-03
9.953751545976712301e-01 -2.621039574614581098e-03
9.969176339422166633e-01 -2.750231444700549505e-03
9.981184623305789927e-01 -2.851049638367551993e-03
9.989767984357630359e-01 -2.923242687526379086e-03
9.994920408148404434e-01 -2.966630610672302704e-03
9.996638284037817623e-01 -2.981105274540976277e-03
