# NACA 4-digit  m=0.041959 p=0.400 t/c=0.045933  unit chord, x y
1.000415544907805598e+00 2.971081020368994234e-03
1.000245339727057869e+00 3.003988389064695796e-03
9.997348348665174855e-01 3.102634859232774288e-03
9.988843623319670906e-01 3.266793761757643549e-03
9.976944753349423767e-01 3.496088108895561899e-03
9.961659480943667599e-01 3.789991780712043991e-03
9.942997755564257911e-01 4.147831176668074528e-03
9.920971730303292935e-01 4.568787323029511495e-03
9.895595757369933798e-01 5.051898424255098913e-03
9.866886382671279376e-01 5.596062844105350459e-03
9.834862339447257851e-01 6.200042499927570054e-03
9.799544540915224866e-01 6.862466651436529078e-03
9.760956071876528695e-01 7.581836063337102707e-03
9.719122179234706005e-01 8.356527519349954414e-03
9.674070261373178825e-01 9.184798663610823505e-03
9.625829856339477297e-01 1.006479314403906089e-02
9.574432628783128285e-01 1.099454603111628750e-02
9.519912355595300246e-01 1.197198948459499840e-02
9.462304910200184382e-01 1.299495863997223929e-02
9.401648245450888730e-01 1.406119768612216873e-02
9.337982375086185671e-01 1.516836610528145453e-02
9.271349353708792096e-01 1.631404504662574764e-02
9.201793255250901860e-01 1.749574380495593634e-02
9.129360149898342325e-01 1.871090637652647951e-02
9.054098079450821901e-01 1.995691806478503555e-02
8.976057031102265826e-01 2.123111210974112928e-02
8.895288909632113050e-01 2.253077631582869195e-02
8.811847508005309360e-01 2.385315965445863884e-02
8.725788476385853976e-01 2.519547881895252417e-02
8.637169289575680198e-01 2.655492471119113088e-02
8.546049212897306457e-01 2.792866884107858549e-02
8.452489266545296642e-01 2.931386962179156896e-02
8.356552188437440520e-01 3.070767854573226013e-02
8.258302395602150625e-01 3.210724622810535306e-02
8.157805944143405874e-01 3.350972830707267536e-02
8.055130487828852104e-01 3.491229119147289811e-02
7.950345235350008144e-01 3.631211764910910467e-02
7.843520906306266083e-01 3.770641223057361047e-02
7.734729685966121870e-01 3.909240652547429917e-02
7.624045178860047178e-01 4.046736424972745272e-02
7.511542361259486711e-01 4.182858616426440163e-02
7.397297532595760172e-01 4.317341482704212252e-02
7.281388265871033827e-01 4.449923918163400938e-02
7.163893357111299487e-01 4.580349898688586968e-02
7.044892773908274508e-01 4.708368909314235295e-02
6.924467603093528156e-01 4.833736357136465822e-02
6.802699997584122915e-01 4.956213970206370389e-02
6.679673122434469645e-01 5.075570183135702518e-02
6.555471100124405925e-01 5.191580510161576678e-02
6.430178955108524219e-01 5.304027906410344051e-02
6.303882557646857121e-01 5.412703118071812702e-02
6.176668566932124183e-01 5.517405022144333815e-02
6.048624373524222886e-01 5.617940956339526060e-02
5.919838041098309800e-01 5.714127039643829981e-02
5.790398247509147556e-01 5.805788483924011201e-02
5.660394225171232474e-01 5.892759896836841788e-02
5.529915700751825147e-01 5.974885576161403228e-02
5.399052834172407556e-01 6.052019795517946110e-02
5.267896156913417505e-01 6.124027081272361006e-02
5.136536509617373181e-01 6.190782480252535191e-02
5.005064978986787372e-01 6.252171817725012126e-02
4.873572833975631236e-01 6.308091944900010017e-02
4.742151461276408742e-01 6.358450975053092646e-02
4.610892300109380448e-01 6.403168507175249768e-02
4.479886776325845421e-01 6.442175835892988145e-02
4.349226235843741128e-01 6.475416146238917314e-02
4.219001877441052595e-01 6.502844691704065538e-02
4.089304684940530121e-01 6.524428953868600944e-02
3.959955125813870436e-01 6.539916745052892777e-02
3.830705644462169546e-01 6.545849535122395813e-02
3.702252254217717753e-01 6.541149922285247054e-02
3.574687662216270434e-01 6.525935950651476358e-02
3.448104064521999024e-01 6.500351125875677982e-02
3.322593059295595452e-01 6.464564060027097603e-02
3.198245559278454775e-01 6.418768045015114942e-02
3.075151703833517436e-01 6.363180553681328788e-02
2.953400770800854169e-01 6.298042667929902583e-02
2.833081088441005702e-01 6.223618433554360674e-02
2.714279947751345734e-01 6.140194141729154315e-02
2.597083515449913893e-01 6.048077537465502279e-02
2.481576747927147220e-01 5.947596955680244102e-02
2.367843306468511155e-01 5.839100385890606815e-02
2.255965474050206088e-01 5.722954466923546590e-02
2.146024074005724314e-01 5.599543413412131493e-02
2.038098390853171071e-01 5.469267876239600201e-02
1.932266093562018394e-01 5.332543739480982703e-02
1.828603161523384979e-01 5.189800856778493954e-02
1.727183813470270224e-01 5.041481730467073374e-02
1.628080439573627025e-01 4.888040137136977215e-02
1.531363536916993395e-01 4.729939703677832341e-02
1.437101648526903641e-01 4.567652438190132613e-02
1.345361306108852073e-01 4.401657220472723897e-02
1.256206976609497983e-01 4.232438257095902379e-02
1.169701012695485570e-01 4.060483506346722338e-02
1.085903607208105193e-01 3.886283078584041456e-02
1.004872751621452287e-01 3.710327617763625740e-02
9.266641985001233817e-02 3.533106670086739315e-02
8.513314279212838565e-02 3.355107045887774364e-02
7.789256177955178329e-02 3.176811181006413548e-02
7.094956179915742900e-02 2.998695503986756328e-02
6.430879281424088656e-02 2.821228815509282256e-02
5.797466789840288737e-02 2.644870686491010425e-02
5.195136170549754379e-02 2.470069881284703978e-02
4.624280925630471634e-02 2.297262812369581242e-02
4.085270502073621440e-02 2.126872032853937070e-02
3.578450227282893581e-02 1.959304773005041828e-02
3.104141269453022239e-02 1.794951526884168078e-02
2.662640620335720784e-02 1.634184694995562473e-02
2.254221097842305094e-02 1.477357288658629961e-02
1.879131365906996920e-02 1.324801701583613878e-02
1.537595969043913102e-02 1.176828553874062488e-02
1.229815379072939779e-02 1.033725613395514165e-02
9.559660515652752474e-03 8.957567991409402103e-03
7.162004896665748188e-03 7.631612708909368131e-03
5.106473130929581675e-03 6.361526091120927803e-03
3.394113302614258122e-03 5.149180886625378747e-03
2.025736117081898633e-03 3.996180494806581343e-03
1.001915631647111275e-03 2.903853670238693615e-03
3.229899689812537221e-04 1.873250248006301825e-03
-1.093799822145699835e-05 9.051379090289777196e-04
0.000000000000000000e+00 0.000000000000000000e+00
3.536130226641971425e-04 -8.332618664076391719e-04
1.047475276444912937e-03 -1.585980029417110746e-03
2.080750635224924878e-03 -2.258372331457700940e-03
3.452368514644811506e-03 -2.850837520105403353e-03
5.161025323575359723e-03 -3.363954104531484759e-03
7.205186273932647975e-03 -3.798478950002123072e-03
9.583087539379635256e-03 -4.155345608659320386e-03
1.229273875054155869e-02 -4.435662383958687699e-03
1.533192581159404516e-02 -4.640710125342426690e-03
1.869821402049255676e-02 -4.771939748997134495e-03
2.238895147273697872e-02 -4.830969479897305983e-03
2.640127272642341788e-02 -4.819581809775545095e-03
3.073210270446436257e-02 -4.739720165200717907e-03
3.537816080826803461e-02 -4.593485279593814696e-03
4.033596521588432571e-02 -4.383131262778111950e-03
4.560183733666291900e-02 -4.111061361553144250e-03
5.117190639383465550e-02 -3.779823404809050727e-03
5.704211410613455741e-02 -3.392104926866394352e-03
6.320821943963172984e-02 -2.950727963042880028e-03
6.966580340132040583e-02 -2.458643511918007923e-03
7.641027384675028178e-02 -1.918925659394813202e-03
8.343687027502416642e-02 -1.334765360447395799e-03
9.074066858585591588e-02 -7.094638753974771839e-04
9.831658577504021057e-02 -4.642585868291221329e-05
1.061593845466194952e-01 6.508479006325229577e-04
1.142636778222185789e-01 1.378768085909094776e-03
1.226239331304205121e-01 2.133664805229629896e-03
1.312344768616558466e-01 2.911795884867830059e-03
1.400894983768270485e-01 3.709355497928994161e-03
1.491830539607620632e-01 4.522483120106033511e-03
1.585090706145466377e-01 5.347272802302998479e-03
1.680613496837790599e-01 6.179782747568526163e-03
1.778335703227893194e-01 7.016045177368254032e-03
1.878192927978240001e-01 7.852076469724862673e-03
1.980119616350775047e-01 8.683887549185555915e-03
2.084049086222097558e-01 9.507494505960879111e-03
2.189913556745946288e-01 1.031892941893965826e-02
2.297644175799521959e-01 1.111425135464525968e-02
2.407171046371999745e-01 1.188955751158865537e-02
2.518423252072851670e-01 1.264099447691790709e-02
2.631328881954000387e-01 1.336476955979621489e-02
2.745815054853186776e-01 1.405716216358639942e-02
2.861807943476041838e-01 1.471453515671557188e-02
2.979232798441142083e-01 1.533334620006665192e-02
3.098013972515584191e-01 1.591015898692595132e-02
3.218074945268541431e-01 1.644165434993970568e-02
3.339338348366693854e-01 1.692464118822383998e-02
3.461725991728526464e-01 1.735606716675946321e-02
3.585158890744502003e-01 1.773302913951619458e-02
3.709557294757072632e-01 1.805278324739739010e-02
3.834840716978775155e-01 1.831275464211683593e-02
3.960927966008535583e-01 1.851054678750707616e-02
4.088340060137992671e-01 1.865524160113109578e-02
4.216653472156637883e-01 1.877886895832994035e-02
4.345511841955742027e-01 1.888248318498886649e-02
4.474828590997618205e-01 1.896498545653076129e-02
4.604516742612169145e-01 1.902536754388377271e-02
4.734488976294151663e-01 1.906271580056081300e-02
4.864657682945635608e-01 1.907621474627600386e-02
4.994935021013211518e-01 1.906515022453453279e-02
5.125232973461357755e-01 1.902891211460515028e-02
5.255463405516017650e-01 1.896699658141121070e-02
5.385538123106040631e-01 1.887900785013070168e-02
5.515368931924707896e-01 1.876465949564159325e-02
5.644867697029281040e-01 1.862377524035625093e-02
5.773946402893159746e-01 1.845628925742138007e-02
5.902517213823162967e-01 1.826224597968859747e-02
6.030492534653368875e-01 1.804179941824567146e-02
6.157785071626928897e-01 1.779521199761578340e-02
6.284307893378350274e-01 1.752285291794325461e-02
6.409974491930700013e-01 1.722519605756389627e-02
6.534698843625068587e-01 1.690281743227761702e-02
6.658395469903238828e-01 1.655639223037359484e-02
6.780979497868877548e-01 1.618669144498200915e-02
6.902366720557367996e-01 1.579457812762025473e-02
7.022473656849727019e-01 1.538100328884755771e-02
7.141217610971648533e-01 1.494700147372487846e-02
7.258516731524433663e-01 1.449368604128724487e-02
7.374290070000321107e-01 1.402224417846177455e-02
7.488457638740511069e-01 1.353393167980377655e-02
7.600940468299440811e-01 1.303006752507329322e-02
7.711660664184145642e-01 1.251202828703450523e-02
7.820541462942059985e-01 1.198124240193822534e-02
7.927507287574721007e-01 1.143918433494792858e-02
8.032483802258352235e-01 1.088736867230349382e-02
8.135397966354966925e-01 1.032734417129851229e-02
8.236178087699683736e-01 9.760687798189239192e-03
8.334753875151137414e-01 9.188998782977067167e-03
8.431056490392242475e-01 8.613892718627327513e-03
8.525018598968168160e-01 8.036995730732592394e-03
8.616574420547195023e-01 7.459938741913269694e-03
8.705659778388086245e-01 6.884351853404796842e-03
8.792212147995001059e-01 6.311858864326400434e-03
8.876170704937593747e-01 5.744071947091566530e-03
8.957476371810083604e-01 5.182586495327335882e-03
9.036071864298652612e-01 4.628976158546245501e-03
9.111901736321812439e-01 4.084788075683392500e-03
9.184912424203338643e-01 3.551538317498615857e-03
9.255052289832129686e-01 3.030707545772425189e-03
9.322271662758198074e-01 2.523736895214760342e-03
9.386522881168763988e-01 2.032024082083529540e-03
9.447760331683493495e-01 1.556919741687146086e-03
9.505940487903302705e-01 1.099723995247210533e-03
9.561021947642879271e-01 6.616832450329675902e-04
9.612965468773390088e-01 2.439871952664611834e-04
9.661734003598837495e-01 -1.522339049559407950e-04
9.707292731687077181e-01 -5.259118015626612977e-04
9.749609091075007727e-01 -8.760425639691682941e-04
9.788652807766705655e-01 -1.201688708572647840e-03
9.824395923443424161e-01 -1.501981124290448916e-03
9.856812821305486194e-01 -1.776120807514908846e-03
9.885880249968123090e-01 -2.023380414039016584e-03
9.911577345336252121e-01 -2.243105635515291012e-03
9.933885650387119792e-01 -2.434716407850265676e-03
9.952789132794437332e-01 -2.597707958620448961e-03
9.968274200333309132e-01 -2.731651700131936238e-03
9.980329714011609843e-01 -2.836195974148520219e-03
9.988946998880562367e-01 -2.911066653596279877e-03
9.994119852484993904e-01 -2.956067605733664772e-03
9.995844550921945126e-01 -2.971081020368994234e-03
