# NACA 4-digit  m=0.031593 p=0.400 t/c=0.025011  unit chord, x y
1.000314194908221266e+00 2.983501560188594245e-03
1.000143258245121070e+00 3.006202323854159555e-03
9.996305630184052493e-01 3.074251423059593501e-03
9.987764534522696191e-01 3.187489445681505103e-03
9.975815030417368723e-01 3.345651248171556489e-03
9.960465142342991296e-01 3.548366767594598840e-03
9.941725179834239867e-01 3.795162152613439175e-03
9.919607731731552303e-01 4.085461207610606091e-03
9.894127659128424401e-01 4.418587142563380234e-03
9.865302087008697152e-01 4.793764619776218032e-03
9.833150394561104291e-01 5.210122087136778886e-03
9.797694204157169073e-01 5.666694386212916580e-03
9.758957368977756452e-01 6.162425622254302793e-03
9.716965959273119458e-01 6.696172282019415868e-03
9.671748247241146457e-01 7.266706584319687634e-03
9.623334690508814626e-01 7.872720047270421670e-03
9.571757914202523310e-01 8.512827255464802678e-03
9.517052691594003466e-01 9.185569809651317544e-03
9.459255923309934921e-01 9.889420440997298903e-03
9.398406615095189487e-01 1.062278727166636634e-02
9.334545854121735209e-01 1.138401820322419364e-02
9.267716783837676164e-01 1.217140541431679414e-02
9.197964577353613391e-01 1.298318994913374991e-02
9.125336409366504586e-01 1.381756637837392061e-02
9.049881426624326597e-01 1.467268751476759336e-02
8.971650716938164294e-01 1.554666916567001324e-02
8.890697276751863276e-01 1.643759490581946439e-02
8.807075977282718959e-01 1.734352085404061022e-02
8.720843529250317250e-01 1.826248043845883628e-02
8.632058446214028180e-01 1.919248913566523607e-02
8.540781006542971232e-01 2.013154917022143969e-02
8.447073214045582867e-01 2.107765416190613555e-02
8.350998757288847774e-01 2.202879370916934615e-02
8.252622967640118601e-01 2.298295789836046765e-02
8.152012776066910327e-01 2.393814172942062418e-02
8.049236668732360211e-01 2.489234944986170456e-02
7.944364641425859519e-01 2.584359878998363641e-02
7.837468152869949689e-01 2.678992509339074568e-02
7.728620076945769135e-01 2.772938533794570490e-02
7.617894653880106226e-01 2.866006204333299695e-02
7.505367440437588078e-01 2.958006706238033856e-02
7.391115259161604722e-01 3.048754525419371253e-02
7.275216146707269571e-01 3.138067803799216710e-02
7.157749301309138668e-01 3.225768682726915665e-02
7.038795029425513050e-01 3.311683634455303560e-02
6.918434691599926190e-01 3.395643781758248686e-02
6.796750647579095084e-01 3.477485205814644098e-02
6.673826200724954916e-01 3.557049242516205356e-02
6.549745541756722966e-01 3.634182767377181628e-02
6.424593691857121147e-01 3.708738469233534285e-02
6.298456445175042440e-01 3.780575112917053393e-02
6.171420310755117988e-01 3.849557791076706897e-02
6.043572453922955168e-01 3.915558165295583010e-02
5.915000637153136065e-01 3.978454696617606673e-02
5.785793160445695804e-01 4.038132865554637518e-02
5.656038801235572233e-01 4.094485381592252032e-02
5.525826753858612550e-01 4.147412382152596000e-02
5.395246568597092951e-01 4.196821620906186767e-02
5.264388090327457581e-01 4.242628645252657232e-02
5.133341396793101863e-01 4.284756962714465767e-02
5.002196736525484910e-01 4.323138195908884929e-02
4.871044466437829956e-01 4.357712225683570140e-02
4.739974989116936821e-01 4.388427321921145596e-02
4.609078689840370169e-01 4.415240261439993402e-02
4.478445873348417261e-01 4.438116432343260781e-02
4.348166700402686935e-01 4.457029924097580253e-02
4.218331124166045387e-01 4.471963602558294559e-02
4.089028826441749587e-01 4.482909169100893210e-02
3.960233663893850120e-01 4.489694235518813109e-02
3.831890910425950203e-01 4.489756103847002133e-02
3.704348389923324270e-01 4.482306920159713493e-02
3.577695359493017202e-01 4.467449246529673484e-02
3.452020504909735221e-01 4.445303785948712116e-02
3.327411870845815023e-01 4.416009055514974468e-02
3.203956791073557797e-01 4.379721011196954089e-02
3.081741818751519424e-01 4.336612624093966195e-02
2.960852656913903203e-01 4.286873408254968099e-02
2.841374089288836724e-01 4.230708900273042611e-02
2.723389911577031586e-01 4.168340091040354661e-02
2.606982863326959832e-01 4.100002810227205974e-02
2.492234560546094935e-01 4.025947064237714312e-02
2.379225429189896213e-01 3.946436328592357184e-02
2.268034639671062946e-01 3.861746795892793960e-02
2.158740042530938041e-01 3.772166580735344249e-02
2.051418105412954329e-01 3.677994883154596384e-02
1.946143851474584630e-01 3.579541112396252001e-02
1.842990799369409183e-01 3.477123973036438248e-02
1.742030904924718460e-01 3.371070515681666435e-02
1.643334504632573689e-01 3.261715154697467089e-02
1.546970261063546348e-01 3.149398655622568516e-02
1.453005110302507119e-01 3.034467095127595798e-02
1.361504211495036532e-01 2.917270796570665958e-02
1.272530898581334668e-01 2.798163244385463988e-02
1.186146634282102263e-01 2.677499980708486493e-02
1.102410966387915442e-01 2.555637487809778521e-02
1.021381486390271348e-01 2.432932060034122268e-02
9.431137904788922111e-02 2.309738669085922153e-02
8.676614429162739228e-02 2.186409826599829825e-02
7.950759417869883439e-02 2.063294448029359685e-02
7.254066871060371735e-02 1.940736721956417415e-02
6.587009512578748116e-02 1.819074988975106361e-02
5.950038517256216186e-02 1.698640634332686250e-02
5.343583260587143197e-02 1.579756998518736313e-02
4.768051090168756723e-02 1.462738309980072572e-02
4.223827118189835833e-02 1.347888644103628977e-02
3.711274034173015629e-02 1.235500912552382584e-02
3.230731937106682411e-02 1.125855886960546240e-02
2.782518186047362035e-02 1.019221260894011619e-02
2.366927268232620757e-02 9.158507538608334775e-03
1.984230683717973232e-02 8.159832610149016924e-03
1.634676845539836595e-02 7.198420520346617002e-03
1.318490994409469465e-02 6.276340224784394267e-03
1.035875126960831595e-02 5.395490007197542223e-03
7.870079366072877183e-03 4.557591133508336924e-03
5.720447661076392444e-03 3.764182117115000455e-03
3.911175710009726601e-03 3.016613619551171670e-03
2.443348931402520782e-03 2.316044008043274122e-03
1.317818436365551880e-03 1.663435588786304434e-03
5.352009461717800298e-04 1.059551531945806570e-03
9.587879300822156788e-05 5.049535014923716520e-04
0.000000000000000000e+00 0.000000000000000000e+00
2.467962314345185492e-04 -4.508340282029999944e-04
8.352642992543867374e-04 -8.432497941932869980e-04
1.764847830506484274e-03 -1.177416759717174726e-03
3.034755700324189356e-03 -1.453651529744702997e-03
4.643962916179891244e-03 -1.672417005138259870e-03
6.591211743785837206e-03 -1.834321258971440514e-03
8.875013069972506261e-03 -1.940116136034688915e-03
1.149364799658599522e-02 -1.990695574805747062e-03
1.444516965822874831e-02 -1.987093650943860118e-03
1.772740525553332183e-02 -1.930482341195660992e-03
2.133795829462721561e-02 -1.822169006485664221e-03
2.527421102252026125e-02 -1.663593592912431494e-03
2.953332704734795006e-02 -1.456325549389686155e-03
3.411225413173143289e-02 -1.202060460766303171e-03
3.900772714698310523e-02 -9.026163954357589725e-04
4.421627117550077507e-02 -5.599299667090910579e-04
4.973420474845180461e-02 -1.760521075801265573e-04
5.555764320576066922e-02 2.468564410392946537e-04
6.168250216547245535e-02 7.065299279903399648e-04
6.810450108977381123e-02 1.200602674176622781e-03
7.481916693530399343e-02 1.726614437500861507e-03
8.182183787587711532e-02 2.282016057576287046e-03
8.910766708635690925e-02 2.864175376421843403e-03
9.667162657716332763e-02 3.470383430318232931e-03
1.045085110697375891e-01 4.097860906879044127e-03
1.126129419042375540e-01 4.743764860184008364e-03
1.209793709717588428e-01 5.405195675534461494e-03
1.296020846644721780e-01 6.079204274033361485e-03
1.384752078382086027e-01 6.762799545770825996e-03
1.475927077832017154e-01 7.452955998921600642e-03
1.569483981998913424e-01 8.146621610544154887e-03
1.665359431778843935e-01 8.840725863322764638e-03
1.763488611773444958e-01 9.532187950928599010e-03
1.863805290132215797e-01 1.021792513310562645e-02
1.966241858438208812e-01 1.089486122002742557e-02
2.070729371662314300e-01 1.155993516393669096e-02
2.177197588220732560e-01 1.221010973458621675e-02
2.285575010178665101e-01 1.284238025356393420e-02
2.395788923650614688e-01 1.345378336122277779e-02
2.507765439453903955e-01 1.404140578866336711e-02
2.621429534076954448e-01 1.460239310605213232e-02
2.736705091027500925e-01 1.513395841751322135e-02
2.853514942628210815e-01 1.563339097192646687e-02
2.971780912328093049e-01 1.609806465821019689e-02
3.091423857597582203e-01 1.652544635307868354e-02
3.212363713473438409e-01 1.691310408885502575e-02
3.334519536816474283e-01 1.725871500869993747e-02
3.457809551340790266e-01 1.756007307659502789e-02
3.582151193467755235e-01 1.781509650960582530e-02
3.707461159051466115e-01 1.802183490034683921e-02
3.833655451014994497e-01 1.817847599818690763e-02
3.960649427928555899e-01 1.828335211856497305e-02
4.088615918636773205e-01 1.834353536127852902e-02
4.217324225431645091e-01 1.838355702117115340e-02
4.346571377396796221e-01 1.840438593823656710e-02
4.476269493975046365e-01 1.840535660932569179e-02
4.606330352881179424e-01 1.838587546257628574e-02
4.736665448453623584e-01 1.834542324887280043e-02
4.867186050483436888e-01 1.828355714974798721e-02
4.997803263474514535e-01 1.819991258915901189e-02
5.128428086285629073e-01 1.809420473836746701e-02
5.258971472101977573e-01 1.796622970502941008e-02
5.389344388681355236e-01 1.781586539954497367e-02
5.519457878817920493e-01 1.764307207370611336e-02
5.649223120964941280e-01 1.744789252870058982e-02
5.778551489956611498e-01 1.723045199155972401e-02
5.907354617768336702e-01 1.699095766116122397e-02
6.035544454254636593e-01 1.672969792689513180e-02
6.163033327803935091e-01 1.644704126505733277e-02
6.289734005850164955e-01 1.614343481993017054e-02
6.415559755182103086e-01 1.581940267833065183e-02
6.540424401992751546e-01 1.547554384813619281e-02
6.664242391612753558e-01 1.511252995292309415e-02
6.786928847873905379e-01 1.473110265636038210e-02
6.908399632050969963e-01 1.433207083138072872e-02
7.028571401332488477e-01 1.391630749039012363e-02
7.147361666773809352e-01 1.348474649387070012e-02
7.264688850688197919e-01 1.303837905567075371e-02
7.380472343434476556e-01 1.257825006405628200e-02
7.494632559562409702e-01 1.210545423821644123e-02
7.607090993279381763e-01 1.162113214037084619e-02
7.717770273204498377e-01 1.112646606391715434e-02
7.826594216378376379e-01 1.062267581818779165e-02
7.933487881498869632e-01 1.011101443035628683e-02
8.038377621354844127e-01 9.592763784851805753e-03
8.141191134431462473e-01 9.069230220313431734e-03
8.241857515661715761e-01 8.541740103648540194e-03
8.340307306299730161e-01 8.011635400164304061e-03
8.436472542891956250e-01 7.480269258025622897e-03
8.530286805322503385e-01 6.949001624470979056e-03
8.621685263908847041e-01 6.419194910297973747e-03
8.710604725523622971e-01 5.892209718130028348e-03
8.796983678717591459e-01 5.369400648904345055e-03
8.880762337817843521e-01 4.852112199895040195e-03
8.961882685974185137e-01 4.341674766416865963e-03
9.040288517125147916e-01 3.839400758159573941e-03
9.115925476853650178e-01 3.346580839892547912e-03
9.188741102100627112e-01 2.864480305069738546e-03
9.258684859703245618e-01 2.394335589668091305e-03
9.325708183722648537e-01 1.937350932420298967e-03
9.389764511524463231e-01 1.494695186470156034e-03
9.450809318573742956e-01 1.067498786392041821e-03
9.508800151904599485e-01 6.568508734904263124e-04
9.563696662223484246e-01 2.637965813360194228e-04
9.615460634604052759e-01 -1.106655173871346799e-04
9.664056017730869863e-01 -4.655858024499213120e-04
9.709448951648663728e-01 -8.000658364997080205e-04
9.751607793973779970e-01 -1.113260435392119090e-03
9.790503144524761447e-01 -1.404379580014411370e-03
9.826107868329577721e-01 -1.672690171608109564e-03
9.858397116968068419e-01 -1.917517632927925224e-03
9.887348348209632487e-01 -2.138247357807185160e-03
9.912941343907992753e-01 -2.334326011838991008e-03
9.935158226117137836e-01 -2.505262686930573041e-03
9.953983471395113636e-01 -2.650629912451163070e-03
9.969403923265364176e-01 -2.770064525576675530e-03
9.981408802808584557e-01 -2.863268403243978983e-03
9.989989717361684729e-01 -2.930009057871846984e-03
9.995140667304359683e-01 -2.970120098693928169e-03
9.996858050917787342e-01 -2.983501560188594245e-03
