# NACA 4-digit  m=0.032985 p=0.400 t/c=0.025383  unit chord, x y
1.000327876151488660e+00 2.982029045680970915e-03
1.000156965471393988e+00 3.005599973699293360e-03
9.996443480332964926e-01 3.076257526225741144e-03
9.987903675811761195e-01 3.193836177496125681e-03
9.975955968129460727e-01 3.358060613111405780e-03
9.960608370669388201e-01 3.568546569834402018e-03
9.941871178821272137e-01 3.824802005302197459e-03
9.919756964312456127e-01 4.126228591710991850e-03
9.894280568257666220e-01 4.472123525919052822e-03
9.865459092915042083e-01 4.861681646865050749e-03
9.833311892134599663e-01 5.293997849725950999e-03
9.797860560483970804e-01 5.768069784855799076e-03
9.759128921035391535e-01 6.282800828260414958e-03
9.717143011797318986e-01 6.837003309188915273e-03
9.671931070773914785e-01 7.429401979364638406e-03
9.623523519635834855e-01 8.058637707448244522e-03
9.571952945986417216e-01 8.723271381526754090e-03
9.517254084208430776e-01 9.421788001762774339e-03
9.459463794877921439e-01 1.015260094481908355e-02
9.398621042733574793e-01 1.091405638129977484e-02
9.334766873192200665e-01 1.170443782721898932e-02
9.267944387403395101e-01 1.252197081042383253e-02
9.198198715839318584e-01 1.336482763295442425e-02
9.125576990418587942e-01 1.423113221051983644e-02
9.050128315166529047e-01 1.511896497059841624e-02
8.971903735417507963e-01 1.602636779112763879e-02
8.890956205568687487e-01 1.695134896232507876e-02
8.807340555398047721e-01 1.789188815487048265e-02
8.721113454963306255e-01 1.884594137846674206e-02
8.632333378101875176e-01 1.981144591567704158e-02
8.541060564555470469e-01 2.078632521689223467e-02
8.447356980746435484e-01 2.176849374330494871e-02
8.351286279235876631e-01 2.275586174584220273e-02
8.252913756896707032e-01 2.374633996912160067e-02
8.152306311837220765e-01 2.473784427063520364e-02
8.049532399113250580e-01 2.572830014651298833e-02
7.944661985268796078e-01 2.671564715636395859e-02
7.837766501746676884e-01 2.769784324082038424e-02
7.728918797211952185e-01 2.867286892650688229e-02
7.618193088831670678e-01 2.963873141420856477e-02
7.505664912554896873e-01 3.059346854700836088e-02
7.391411072437099605e-01 3.153515265609032475e-02
7.275509589052537862e-01 3.246189428275535888e-02
7.158039647037696129e-01 3.337184577595506824e-02
7.039081541807811204e-01 3.426320476531408837e-02
6.918716625487207894e-01 3.513421751017110212e-02
6.797027252092749938e-01 3.598318212562007928e-02
6.674096722007897275e-01 3.680845168687214841e-02
6.550009225783091082e-01 3.760843721348132440e-02
6.424849787296232906e-01 3.838161053508436921e-02
6.298704206305045794e-01 3.912650704029735360e-02
6.171659000421151342e-01 3.984172831028984924e-02
6.043801346533901331e-01 4.052594463832869670e-02
5.915219021710204084e-01 4.117789743625010351e-02
5.786000343595125717e-01 4.179640152839039086e-02
5.656234110336721965e-01 4.238034733298969015e-02
5.526009540057625902e-01 4.292870293048928199e-02
5.395416209895187443e-01 4.344051601748366576e-02
5.264543994631772916e-01 4.391491574437392242e-02
5.133483004936876259e-01 4.435111443401404396e-02
5.002323525243231872e-01 4.474840917785906369e-02
4.871155951280176089e-01 4.510618330532793763e-02
4.740070727288761554e-01 4.542390772130096982e-02
4.609158282945099439e-01 4.570114210589414777e-02
4.478508970020570468e-01 4.593753596990760718e-02
4.348212998810245256e-01 4.613282955864774632e-02
4.218360374363827603e-01 4.628685459618428477e-02
4.089040832556817273e-01 4.639953486154273915e-02
3.960221563942961098e-01 4.646907991357249884e-02
3.831839514711891659e-01 4.646873173321298955e-02
3.704257656036546997e-01 4.639027037807806619e-02
3.577565387796678986e-01 4.623477611984848357e-02
3.451851540636342031e-01 4.600351836051384813e-02
3.327204305483248414e-01 4.569795217191254671e-02
3.203711163015225960e-01 4.531971432876036321e-02
3.081458813190835477e-01 4.487061883479387392e-02
2.960533104969167439e-01 4.435265194316524717e-02
2.841018966350796204e-01 4.376796667386699535e-02
2.723000334877843098e-01 4.311887683272862259e-02
2.606560088735906944e-01 4.240785053840284702e-02
2.491779978604110879e-01 4.163750326573432275e-02
2.378740560401645110e-01 4.081059041596432624e-02
2.267521129079929643e-01 3.992999942635779009e-02
2.158199653608700030e-01 3.899874143402455584e-02
2.050852713302052099e-01 3.801994251093013949e-02
1.945555435626695195e-01 3.699683448933345498e-02
1.842381435629390773e-01 3.593274539913108440e-02
1.741402757113839628e-01 3.483108954081048231e-02
1.642689815689228616e-01 3.369535721990004479e-02
1.546311343803309091e-01 3.252910417093173023e-02
1.452334337862366542e-01 3.133594070098464496e-02
1.360824007528919910e-01 3.011952058483637062e-02
1.271843727275564495e-01 2.888352974559672826e-02
1.185454990260203512e-01 2.763167475641858939e-02
1.101717364574208990e-01 2.636767120045727456e-02
1.020688451900936128e-01 2.509523192767010302e-02
9.424238486076882970e-02 2.381805524829660320e-02
8.669771092799000156e-02 2.253981310392769166e-02
7.943997126921327478e-02 2.126413925794715803e-02
7.247410301966242252e-02 1.999461754780303829e-02
6.580482964968398241e-02 1.873477024203255153e-02
5.943665827608319435e-02 1.748804654521655955e-02
5.337387720174573830e-02 1.625781129407371725e-02
4.762055367677114209e-02 1.504733388771835670e-02
4.218053187337912624e-02 1.385977749469817846e-02
3.705743106601063624e-02 1.269818857879905644e-02
3.225464400733941972e-02 1.156548678475615224e-02
2.777533549034718122e-02 1.046445522394646999e-02
2.362244108620264321e-02 9.397731198863107718e-03
1.979866604742362701e-02 8.367797403690884275e-03
1.630648436569812065e-02 7.376973636625469566e-03
1.314813797378879684e-02 6.427409057709723532e-03
1.032563608115175981e-02 5.521075023913942295e-03
7.840754633253675318e-03 4.659758530969503564e-03
5.695035885066978242e-03 3.845056289089760718e-03
3.889788079858810463e-03 3.078369457192248974e-03
2.426085225145228983e-03 2.360899057581979186e-03
1.304766958558223203e-03 1.693642090284579703e-03
5.264384973469259620e-04 1.077388363341292253e-03
9.147066629845167804e-05 5.127180524127459161e-04
0.000000000000000000e+00 0.000000000000000000e+00
2.512043581442884119e-04 -4.562141234290541746e-04
8.440267480792408052e-04 -8.515565640614258802e-04
1.777899308313812951e-03 -1.186209705353142348e-03
3.052019406581481156e-03 -1.460510336329919577e-03
4.665350546330807383e-03 -1.674948739573735041e-03
6.616623519795251408e-03 -1.830167483836644526e-03
8.904337802791708126e-03 -1.926959921067202550e-03
1.152676318504255136e-02 -1.966268387432568415e-03
1.448194162853464612e-02 -1.949182107754825720e-03
1.776768934523356713e-02 -1.876934802661429317e-03
2.138159908438332091e-02 -1.750901997684628508e-03
2.532104261864382561e-02 -1.572598033539970852e-03
2.958317341747438919e-02 -1.343672776876214149e-03
3.416492949545883728e-02 -1.065908030924315152e-03
3.906303642270262527e-02 -7.412136456870256629e-04
4.427401048402000716e-02 -3.716233276075580141e-04
4.979416197336822975e-02 4.070985095964464728e-05
5.561959860988636289e-02 4.935182416779919368e-04
6.174622906195142286e-02 9.844247081912498032e-04
6.816976656587730998e-02 1.510948010090124721e-03
7.488573262624528826e-02 2.070508480094969406e-03
8.188946078536267492e-02 2.660433990813114088e-03
8.917610044999429997e-02 3.277966206481870010e-03
9.674062076428371904e-02 3.920267114069566142e-03
1.045778145186711111e-01 4.584425826980162780e-03
1.126823020856081992e-01 5.267465653397470499e-03
1.210485353739487180e-01 5.966351420017420096e-03
1.296708017950491953e-01 6.677997040559593631e-03
1.385432282348202648e-01 7.399273317028992950e-03
1.476597850272157730e-01 8.127015960226238386e-03
1.570142899259150682e-01 8.858033814488911611e-03
1.666004120722189008e-01 9.589117270099908885e-03
1.764116759584323790e-01 1.031704684523336406e-02
1.864414653872234207e-01 1.103860191773819825e-02
1.966830274286098246e-01 1.175056958549769437e-02
2.071294763773216530e-01 1.244975363256605599e-02
2.177737977142970571e-01 1.313298357678527838e-02
2.286088520769798405e-01 1.379712377314356968e-02
2.396273792438865791e-01 1.443908254576702077e-02
2.508220021395888288e-01 1.505582132015528818e-02
2.621852308668007336e-01 1.564436372609667725e-02
2.737094667726689412e-01 1.620180464064377088e-02
2.853870065566251335e-01 1.672531913961423575e-02
2.972100464272828813e-01 1.721217132531745186e-02
3.091706863158266150e-01 1.765972299760938322e-02
3.212609341531770246e-01 1.806544213496077966e-02
3.334727102179040892e-01 1.842691115199698165e-02
3.457978515614183457e-01 1.874183489994213705e-02
3.582281165164093450e-01 1.900804837658651159e-02
3.707551892938243387e-01 1.922352411279555640e-02
3.833706846729053042e-01 1.938637920320295319e-02
3.960661527879444921e-01 1.949488194957372383e-02
4.088603912521705519e-01 1.955642176039084495e-02
4.217294975233862875e-01 1.959660881989837289e-02
4.346525078989237900e-01 1.961646404793585680e-02
4.476206397302893158e-01 1.961530304144994824e-02
4.606250759776450154e-01 1.959251669099938004e-02
4.736569710281798851e-01 1.954757363640582252e-02
4.867074565641090755e-01 1.948002242847707288e-02
4.997676474756767018e-01 1.938949338395545494e-02
5.128286478141854676e-01 1.927570012268464347e-02
5.258815567797662238e-01 1.913844077791041279e-02
5.389174747383260744e-01 1.897759887262094949e-02
5.519275092618907141e-01 1.879314385687002112e-02
5.649027811863791548e-01 1.858513130309430092e-02
5.778344306807181585e-01 1.835370275851517380e-02
5.907136233211268683e-01 1.809908525578840521e-02
6.035315561643690430e-01 1.782159048511070681e-02
6.162794638137901737e-01 1.752161363299686858e-02
6.289486244720161601e-01 1.719963189488360467e-02
6.415303659742991327e-01 1.685620267058245830e-02
6.540160717966383430e-01 1.649196145337812267e-02
6.663971870329811198e-01 1.610761942523509030e-02
6.786652243360250525e-01 1.570396077212313224e-02
6.908117698163688258e-01 1.528183973488781572e-02
7.028284888950190323e-01 1.484217741236673778e-02
7.147071321045251890e-01 1.438595833457615054e-02
7.264395408342929628e-01 1.391422682476061747e-02
7.380176530158981674e-01 1.342808316990363147e-02
7.494335087445100907e-01 1.292867961993722503e-02
7.606792558327817311e-01 1.241721623636254761e-02
7.717471552938315327e-01 1.189493661129948678e-02
7.826295867501649184e-01 1.136312347812559742e-02
7.933190537655933072e-01 1.082309423484546958e-02
8.038081890973953758e-01 1.027619640115548169e-02
8.140897598661152035e-01 9.723803029844711385e-03
8.241566726405127330e-01 9.167308092705737932e-03
8.340019784352701304e-01 8.608121860531142699e-03
8.436188776191103633e-01 8.047666296050526302e-03
8.530007247310004148e-01 7.487370477833937485e-03
8.621410332021000045e-01 6.928666072257945278e-03
8.710334799810633966e-01 6.372982869619183213e-03
8.796719100602262698e-01 5.821744399395378973e-03
8.880503409001019310e-01 5.276363638513040244e-03
8.961629667494841467e-01 4.738238825296427204e-03
9.040041628582945465e-01 4.208749390559814868e-03
9.115684895801566823e-01 3.689252016076496540e-03
9.188506963614921919e-01 3.181076829429405062e-03
9.258457256137526681e-01 2.685523743031812717e-03
9.325487164652183081e-01 2.203858943914233613e-03
9.389550083886077925e-01 1.737311539720600741e-03
9.450601447005756439e-01 1.287070365249595727e-03
9.508598759290172175e-01 8.542809528306318997e-04
9.563501630439590340e-01 4.400426688440945561e-04
9.615271805477032530e-01 4.540601779251876580e-05
9.663873194198101535e-01 -3.286298854915754505e-04
9.709271899124464200e-01 -6.811196756473596702e-04
9.751436241916144887e-01 -1.011173929381896288e-03
9.790336788197959716e-01 -1.317961192190039363e-03
9.825946370756082349e-01 -1.600709840972734232e-03
9.858240111061723487e-01 -1.858709784676774350e-03
9.887195439080390669e-01 -2.091314005330926172e-03
9.912792111327088929e-01 -2.297939942010587735e-03
9.935012227130105567e-01 -2.478070720329399179e-03
9.953840243068716731e-01 -2.631256230036707350e-03
9.969262985553272172e-01 -2.757114053200149760e-03
9.981269661519519554e-01 -2.855330245279186392e-03
9.989851867212772296e-01 -2.925659971156617089e-03
9.995003595041631606e-01 -2.967927997900007830e-03
9.996721238485113403e-01 -2.982029045680970915e-03
