# NACA 4-digit  m=0.040280 p=0.400 t/c=0.039386  unit chord, x y
1.000399216334680208e+00 2.973319074388843485e-03
1.000228785748354721e+00 3.003926555237616380e-03
9.997176059042572893e-01 3.095678243929649628e-03
9.988660125004342749e-01 3.248362099577295058e-03
9.976745648780498410e-01 3.461625455074592017e-03
9.961440457870451848e-01 3.734976114429393573e-03
9.942754610561328477e-01 4.067783880612293318e-03
9.920700391652428340e-01 4.459282505594031228e-03
9.895292307180537650e-01 4.908572051990809162e-03
9.866547078118053093e-01 5.414621653576933563e-03
9.834483633012017778e-01 5.976272659874513025e-03
9.799123099528849190e-01 6.592242148112424996e-03
9.760488794866887252e-01 7.261126784071182672e-03
9.718606214996904358e-01 7.981407011719107714e-03
9.673503022689471376e-01 8.751451550104037344e-03
9.625209034287532939e-01 9.569522174712154911e-03
9.573756205182835100e-01 1.043377875944515205e-02
9.519178613955828760e-01 1.134228455451101805e-02
9.461512445140433103e-01 1.229301167487433302e-02
9.400795970577509042e-01 1.328384677347550780e-02
9.337069529324074635e-01 1.431259687320299290e-02
9.270375506089020279e-01 1.537699533159104202e-02
9.200758308170463584e-01 1.647470791241062091e-02
9.128264340874713278e-01 1.760333893872050026e-02
9.052941981402063965e-01 1.876043750254097892e-02
8.974841551190164690e-01 1.994350370709346842e-02
8.894015286711625112e-01 2.114999491850498917e-02
8.810517308728307295e-01 2.237733200499428948e-02
8.724403590010848530e-01 2.362290554281869931e-02
8.635731921537814770e-01 2.488408196965411628e-02
8.544561877194577493e-01 2.615820966758419797e-02
8.450954776997585682e-01 2.744262495947030062e-02
8.354973648874742809e-01 2.873465800414187754e-02
8.256683189037343773e-01 3.003163857756439153e-02
8.156149720983165707e-01 3.133090172888992192e-02
8.053441153174005773e-01 3.262979330204861250e-02
7.948626935433842355e-01 3.392567531527988789e-02
7.841778014116173035e-01 3.521593119270518407e-02
7.732966786090708089e-01 3.649797084368934519e-02
7.622267051600485344e-01 3.776923558730637537e-02
7.509753966040666473e-01 3.902720292069598862e-02
7.395503990709832998e-01 4.026939113145246857e-02
7.279594842583344549e-01 4.149336375541230054e-02
7.162105443156624451e-01 4.269673388228319155e-02
7.043115866403828473e-01 4.387716831247574778e-02
6.922707285894459384e-01 4.503239156924662007e-02
6.800961921107318009e-01 4.616018977082992497e-02
6.677962982977402318e-01 4.725841436761901715e-02
6.553794618707644570e-01 4.832498574965492927e-02
6.428541855873305400e-01 4.935789672968429742e-02
6.302290545842847980e-01 5.035521590686752036e-02
6.175127306535140859e-01 5.131509091585193666e-02
6.047139464529157626e-01 5.223575156538214082e-02
5.918414996538787776e-01 5.311551286990907894e-02
5.789042470262409923e-01 5.395277797679334103e-02
5.659110984614262874e-01 5.474604099068999807e-02
5.528710109342725998e-01 5.549388969556811463e-02
5.397929824039275903e-01 5.619500817357753197e-02
5.266860456541369029e-01 5.684817931864579593e-02
5.135592620732676306e-01 5.745228724129352454e-02
5.004217153745145197e-01 5.800631955971715520e-02
4.872825052569307314e-01 5.850936957072919858e-02
4.741507410081905460e-01 5.896063829269067996e-02
4.610355350503606009e-01 5.935943637114374921e-02
4.479459964303899033e-01 5.970518583647801969e-02
4.348912242575522225e-01 5.999742170166749711e-02
4.218803010906602702e-01 6.023579338691721630e-02
4.089222862785296675e-01 6.042006595698601323e-02
3.960037776555873079e-01 6.054790024908179857e-02
3.831057486206391749e-01 6.058626685704313064e-02
3.702874715351777146e-01 6.052492609550417374e-02
3.575581133432784720e-01 6.036507703158561222e-02
3.449267880304013878e-01 6.010815856024821768e-02
3.324025484573283618e-01 5.975584570040462506e-02
3.199943781453608582e-01 5.931004522714869442e-02
3.077111830328815301e-01 5.877289063446619610e-02
2.955617832248378374e-01 5.814673642508297324e-02
2.835549047579607462e-01 5.743415172661718582e-02
2.716991714055654317e-01 5.663791323591098326e-02
2.600030965465762733e-01 5.576099749630507307e-02
2.484750751239463984e-01 5.480657251566140031e-02
2.371233757179006252e-01 5.377798873610811770e-02
2.259561327594079294e-01 5.267876936975283975e-02
2.149813389089752780e-01 5.151260011795063404e-02
2.042068376252557660e-01 5.028331829509585793e-02
1.936403159470851398e-01 4.899490138130013078e-02
1.832892975114061296e-01 4.765145503169199159e-02
1.731611358281257840e-01 4.625720057339535729e-02
1.632630078312981292e-01 4.481646202448738570e-02
1.536019077241466413e-01 4.333365267236934104e-02
1.441846411333684297e-01 4.181326125198292498e-02
1.350178195859189079e-01 4.025983776714032319e-02
1.261078553190924101e-01 3.867797900088806862e-02
1.174609564322207089e-01 3.707231376326836081e-02
1.090831223857419152e-01 3.544748792705861018e-02
1.009801398507808173e-01 3.380814930404203028e-02
9.315757890975660815e-02 3.215893241607431507e-02
8.562078960593839938e-02 3.050444321665062020e-02
7.837489883732928764e-02 2.884924381983246244e-02
7.142480758780662964e-02 2.719783729425702748e-02
6.477518848611955871e-02 2.555465258051616007e-02
5.843048368116252056e-02 2.392402959045419192e-02
5.239490301994059740e-02 2.231020454689146976e-02
4.667242251283924837e-02 2.071729562193331403e-02
4.126678306922852701e-02 1.914928893137489430e-02
3.618148948509243568e-02 1.761002494176434202e-02
3.141980966328848657e-02 1.610318534544514027e-02
2.698477404622480827e-02 1.463228045737142817e-02
2.287917524020225551e-02 1.320063718568478296e-02
1.910556781040803967e-02 1.181138762596847455e-02
1.566626822557211016e-02 1.046745832676661964e-02
1.256335493159904670e-02 9.171560271382141194e-03
9.798668534068834257e-03 7.926179618164719276e-03
7.373812070344795515e-03 6.733569238480778540e-03
5.290151353124212912e-03 5.595741088336831336e-03
3.548815368608307375e-03 4.514459446224748304e-03
2.150696714024037063e-03 3.491235046184484707e-03
1.096452060991395241e-03 2.527320131359507907e-03
3.865026331639430358e-04 1.623704449466154952e-03
2.103468865826782388e-05 7.811122076321379759e-04
0.000000000000000000e+00 0.000000000000000000e+00
3.216403357844722661e-04 -7.121124645199382363e-04
9.839626122622236772e-04 -1.347930066743600452e-03
1.986214205880640696e-03 -1.907669341815554018e-03
3.327407917702673076e-03 -2.391725833551761396e-03
5.006323257581310471e-03 -2.800672976226078418e-03
7.021508051738016738e-03 -3.135260685244182534e-03
9.371280365700587062e-03 -3.396413655635225400e-03
1.205373073212547691e-02 -3.585229366695456658e-03
1.506672467072439625e-02 -3.702975790571944991e-03
1.840790548535957763e-02 -3.751088802088536726e-03
2.207469732139890825e-02 -3.731169286700401592e-03
2.606430846464421330e-02 -3.644979943125814872e-03
3.037373486159676214e-02 -3.494441776954215415e-03
3.499976383950977044e-02 -3.281630281375076674e-03
3.993897800362082584e-02 -3.008771301121685240e-03
4.518775928817060639e-02 -2.678236575783574103e-03
5.074229313730012347e-02 -2.292538958818911635e-03
5.659857279169150379e-02 -1.854327308898449586e-03
6.275240365687209665e-02 -1.366381050641834322e-03
6.919940772944173368e-02 -8.316044023685791042e-04
7.593502805810108114e-02 -2.530202691843098928e-04
8.295453321724666207e-02 3.662361994405480964e-04
9.025302177204590215e-02 1.022924387465625265e-03
9.782542671529594058e-02 1.713705324197832905e-03
1.056665198579839066e-01 2.435149127823534043e-03
1.137709161572871830e-01 3.183742776655309331e-03
1.221330779677483602e-01 3.955898202666768143e-03
1.307473192035132348e-01 4.747960700236104198e-03
1.396078094017933480e-01 5.556217641244816374e-03
1.487085776800839976e-01 6.376907485793243541e-03
1.580435165820993360e-01 7.206229075808024548e-03
1.676063858098436332e-01 8.040351196741298001e-03
1.773908158416905578e-01 8.875422390411377704e-03
1.873903114387563684e-01 9.707580999825816265e-03
1.975982550441942043e-01 1.053296542457719115e-02
2.080079100822710969e-01 1.134772456312936953e-02
2.186124241661917822e-01 1.214802841603885436e-02
2.294048322255648753e-01 1.293007882190251936e-02
2.403780595661504649e-01 1.369012029561610458e-02
2.515249248760534906e-01 1.442445093638887454e-02
2.628381431938151547e-01 1.512943337091744375e-02
2.743103288548878194e-01 1.580150569519889539e-02
2.859339984337440077e-01 1.643719237668934616e-02
2.977015736993617878e-01 1.703311507691332785e-02
3.096053846020286326e-01 1.758600335322710664e-02
3.216376723093387624e-01 1.809270519726260615e-02
3.337905923089005689e-01 1.855019736664860128e-02
3.460562175946511609e-01 1.895559546594500003e-02
3.584265419527987717e-01 1.930616373235582994e-02
3.708934833623013239e-01 1.959932448171922831e-02
3.834488875234552951e-01 1.983266717052890524e-02
3.960845315266532940e-01 2.000395703032434649e-02
4.088421882293226117e-01 2.012201572633046109e-02
4.216852338691087776e-01 2.021776325626379114e-02
4.345825835223960931e-01 2.029229354932431464e-02
4.475255403019564593e-01 2.034462898904565789e-02
4.605053692217943584e-01 2.037388067202314940e-02
4.735133027488654944e-01 2.037925194033621962e-02
4.865405464351959530e-01 2.036004153713300707e-02
4.995782846254853138e-01 2.031564636583469557e-02
5.126176862346054630e-01 2.024556383605199267e-02
5.256499105888066126e-01 2.014939378207195736e-02
5.386661133239172283e-01 2.002683994264886982e-02
5.516574523333807045e-01 1.987771099378445733e-02
5.646150937586250640e-01 1.970192112918700209e-02
5.775302180139897379e-01 1.949949018612313206e-02
5.903940258382684991e-01 1.927054331739542006e-02
6.031977443648434134e-01 1.901531021315996592e-02
6.159326332023912220e-01 1.873412387921908479e-02
6.285899905182359415e-01 1.842741898125306935e-02
6.411611591165918833e-01 1.809572976716944392e-02
6.536375325041829942e-01 1.773968758232345039e-02
6.660105609360306156e-01 1.736001799477674898e-02
6.782717574345682454e-01 1.695753754999384383e-02
6.904127037756436769e-01 1.653315017640887702e-02
7.024250564354173054e-01 1.608784326511381382e-02
7.143005524926323568e-01 1.562268344850993237e-02
7.260310154812122940e-01 1.513881210411851218e-02
7.376083611886248281e-01 1.463744061085484570e-02
7.490246033959331307e-01 1.411984538592850162e-02
7.602718595559002646e-01 1.358736273114096761e-02
7.713423564059559423e-01 1.304138351770769109e-02
7.822284355132153033e-01 1.248334773884225875e-02
7.929225587490886795e-01 1.191473895920943347e-02
8.034173136913198565e-01 1.133707868998992153e-02
8.137054189515207092e-01 1.075192071771634977e-02
8.237797294264490588e-01 1.016084541424633336e-02
8.336332414713835126e-01 9.565454054253498539e-03
8.432590979939953435e-01 8.967363165453717463e-03
8.526505934670897124e-01 8.368198935465023455e-03
8.618011788585060451e-01 7.769591697738003830e-03
8.707044664763091690e-01 7.173170517417519834e-03
8.793542347272003123e-01 6.580557896320305203e-03
8.877444327858081685e-01 5.993364614463036165e-03
8.958691851722184740e-01 5.413184723770679378e-03
9.037227962347410548e-01 4.841590707759262438e-03
9.112997545345441486e-01 4.280128819140132691e-03
9.185947371283776919e-01 3.730314605457013717e-03
9.256026137451901503e-01 3.193628631062464876e-03
9.323184508520309111e-01 2.671512401984086661e-03
9.387375156042143676e-01 2.165364498545620936e-03
9.448552796743244775e-01 1.676536919004166341e-03
9.506674229542774190e-01 1.206331635963863759e-03
9.561698371243172456e-01 7.559973659369573912e-04
9.613586290825334446e-01 3.267265511603121078e-04
9.662301242282544944e-01 -8.034744835335415336e-05
9.707808695924878828e-01 -4.641529555355827438e-04
9.750076368084649170e-01 -8.236823735955148273e-04
9.789074249153081331e-01 -1.157994384493124269e-03
9.824774629878664234e-01 -1.466215953607392583e-03
9.857152125858712477e-01 -1.747544146029465610e-03
9.886183700157519239e-01 -2.001247760133621680e-03
9.911848683987116715e-01 -2.226668784153729153e-03
9.934128795390049227e-01 -2.423223681424980201e-03
9.953008155867653084e-01 -2.590404509749418601e-03
9.968473304902234489e-01 -2.727779880017242725e-03
9.980513212326938000e-01 -2.834995758775298979e-03
9.989119288503164329e-01 -2.911776118891689063e-03
9.994285392272024282e-01 -2.957923441835893282e-03
9.996007836653199030e-01 -2.973319074388843485e-03
