# NACA 4-digit  m=0.039484 p=0.400 t/c=0.036744  unit chord, x y
1.000391462486570848e+00 2.974349865366833576e-03
1.000220942676065095e+00 3.003961168928024651e-03
9.997094956499342766e-01 3.092726460740581607e-03
9.988574585748491996e-01 3.240440097166215859e-03
9.976653932300489913e-01 3.446760047573098340e-03
9.961340857586503672e-01 3.711208953465612147e-03
9.942645463177419707e-01 4.033175603267191364e-03
9.920580086255750274e-01 4.411916814840046233e-03
9.895159294037183528e-01 4.846559715683490185e-03
9.866399877116598383e-01 5.336104408697470332e-03
9.834320841709907057e-01 5.879427009446422381e-03
9.798943400760123934e-01 6.475283039031662531e-03
9.760290963873733405e-01 7.122311154987057136e-03
9.718389126051708571e-01 7.819037201074003837e-03
9.673265655178445721e-01 8.563878555473056903e-03
9.624950478231528717e-01 9.355148755668285521e-03
9.573475666175537135e-01 1.019106237730015366e-02
9.518875417504160108e-01 1.106974014343495467e-02
9.461186040396520891e-01 1.198921424006535452e-02
9.400445933456020864e-01 1.294743381322368408e-02
9.336695565002981478e-01 1.394227062285554111e-02
9.269977450895886539e-01 1.497152482856842215e-02
9.200336130860105044e-01 1.603293088253202742e-02
9.127818143307533383e-01 1.712416350516140356e-02
9.052471998635422956e-01 1.824284371975301577e-02
8.974348150997895068e-01 1.938654492295825010e-02
8.893498968549042871e-01 2.055279896885772034e-02
8.809978702162019060e-01 2.173910224543214309e-02
8.723843452634063578e-01 2.294292172339435290e-02
8.635151136392968940e-01 2.416170095864003664e-02
8.543961449725676616e-01 2.539286603097256484e-02
8.450335831554973698e-01 2.663383140324247778e-02
8.354337424794882061e-01 2.788200568659696815e-02
8.256031036319776417e-01 2.913479729913722588e-02
8.155483095586150144e-01 3.038962000691441262e-02
8.052761611949347254e-01 3.164389833783424338e-02
7.947936130720352210e-01 3.289507286066977593e-02
7.841077688009933100e-01 3.414060532297778783e-02
7.732258764408970197e-01 3.537798364325838579e-02
7.621553237554731242e-01 3.660472675417127120e-02
7.509036333633033466e-01 3.781838929500703356e-02
7.394784577865906039e-01 3.901656615288991159e-02
7.278875744033296291e-01 4.019689685334731921e-02
7.161388803075793286e-01 4.135706980190313048e-02
7.042403870823283896e-01 4.249482637922796791e-02
6.922002154891746528e-01 4.360796489309821944e-02
6.800265900787610951e-01 4.469434439096837963e-02
6.677278337255653229e-01 4.575188833734479543e-02
6.553123620903031910e-01 4.677858816035632833e-02
6.427886780128386768e-01 4.777250667195113293e-02
6.301653658381294321e-01 4.873178136600779531e-02
6.174510856773745004e-01 4.965462759833814271e-02
6.046545676061997332e-01 5.053934165208525536e-02
5.917846058013901400e-01 5.138430369138942411e-02
5.788500526174096272e-01 5.218798060542211015e-02
5.658598126037129861e-01 5.294892874398193783e-02
5.528228364636741388e-01 5.366579654482555445e-02
5.397481149558402969e-01 5.433732705178517808e-02
5.266446727381648429e-01 5.496236032152233136e-02
5.135215621558973931e-01 5.553983571550379084e-02
5.003878569738972049e-01 5.606879407248162306e-02
4.872526460543165627e-01 5.654837975543655637e-02
4.741250269808436335e-01 5.697784256562456184e-02
4.610140996310262418e-01 5.735653951507380111e-02
4.479289596985974176e-01 5.768393644763455952e-02
4.348786921681976336e-01 5.795960949751263053e-02
4.218723647454235004e-01 5.818324637313566916e-02
4.089190212457317064e-01 5.835464745323710317e-02
3.960070754471427534e-01 5.847155224833203158e-02
3.831197860043992764e-01 5.850165176071838585e-02
3.703123037849331278e-01 5.843494944480788489e-02
3.575937545143394458e-01 5.827264684149546792e-02
3.449732102240872234e-01 5.801617876952884501e-02
3.324596812897107623e-01 5.766720957799534308e-02
3.200621084281422557e-01 5.722762875660587778e-02
3.077893546727398233e-01 5.669954589940284784e-02
2.956501973459040311e-01 5.608528501968512020e-02
2.836533200503320029e-01 5.538737821631124769e-02
2.718073047009124665e-01 5.460855869409321495e-02
2.601206236200097610e-01 5.375175314371032770e-02
2.486016317193812941e-01 5.282007348943219133e-02
2.372585587922271255e-01 5.181680801591917462e-02
2.260995019388689908e-01 5.074541188844200468e-02
2.151324181492870746e-01 4.960949708400218261e-02
2.043651170652150684e-01 4.841282175401406818e-02
1.938052539437085386e-01 4.715927904239963775e-02
1.834603228430644328e-01 4.585288538611959064e-02
1.733376500506925433e-01 4.449776832829047124e-02
1.634443877710423654e-01 4.309815387709098333e-02
1.537875080899848979e-01 4.165835344661249218e-02
1.443737972301626649e-01 4.018275041863557384e-02
1.352098501097767635e-01 3.867578636698955352e-02
1.263020652151042866e-01 3.714194698865537492e-02
1.176566397947597514e-01 3.558574778807997024e-02
1.092795653813610907e-01 3.401171956326649870e-02
1.011766236438667310e-01 3.242439374406980157e-02
9.335338257144058793e-02 3.082828763474724371e-02
8.581519298731535295e-02 2.922788961417778497e-02
7.856718538878686153e-02 2.762764434825710699e-02
7.161426710721108257e-02 2.603193806979406388e-02
6.496111977972773843e-02 2.444508398176894332e-02
5.861219712241628327e-02 2.287130784006136813e-02
5.257172299273535354e-02 2.131473377171368838e-02
4.684368972742258136e-02 1.977937038446378470e-02
4.143185674055922807e-02 1.826909722266062408e-02
3.633974936525347782e-02 1.678765162377062956e-02
3.157065792137755261e-02 1.533861602849711375e-02
2.712763699102079332e-02 1.392540579607549900e-02
2.301350488280258511e-02 1.255125757458203095e-02
1.923084326592683010e-02 1.121921827411178664e-02
1.578199695486017656e-02 9.932134688454875154e-03
1.266907382577116270e-02 8.692643808437327396e-03
9.893944846379622640e-03 7.503163867411026880e-03
7.458244201621281461e-03 6.365886156486744857e-03
5.363369498520454727e-03 5.282767644020501703e-03
3.610482034877256392e-03 4.255524430604602434e-03
2.200507117786778578e-03 3.285626067392135967e-03
1.134134419608898376e-03 2.374290762019723184e-03
4.118183607679672511e-04 1.522481492700708365e-03
3.377851066466050186e-05 7.309030472609928403e-04
0.000000000000000000e+00 0.000000000000000000e+00
3.088965137780796152e-04 -6.632669116709904653e-04
9.586468846581995161e-04 -1.252157101612156025e-03
1.948531847263137778e-03 -1.766885822092682714e-03
3.277597513939931560e-03 -2.207845907150713001e-03
4.944656591312361453e-03 -2.575606668176772408e-03
6.948289906341774923e-03 -2.870912488422187013e-03
9.286848234424101983e-03 -3.094681115632505475e-03
1.195845441981468853e-02 -3.248001651511150945e-03
1.496100577655228026e-02 -3.332132236270841669e-03
1.829217675607151122e-02 -3.348497426139208748e-03
2.194942186588011782e-02 -3.298685261360161797e-03
2.592997882204388371e-02 -3.184444021981509311e-03
3.023087191680077709e-02 -3.007678668551182904e-03
3.484891558142070439e-02 -2.770446964766259262e-03
3.978071812345978370e-02 -2.474955279138706110e-03
4.502268561683990533e-02 -2.123554062865412248e-03
5.057102592271679048e-02 -1.718733001324440623e-03
5.642175281889674765e-02 -1.263115836969303310e-03
6.257069021561832700e-02 -7.594548618636894760e-04
6.901347643583355396e-02 -2.106250786937293590e-04
7.574556853869662820e-02 3.803819701830163380e-04
8.276224666578908817e-02 1.010464705241357480e-03
9.005861839066894858e-02 1.676418342453305996e-03
9.762962305361196080e-02 2.374942053610962570e-03
1.054700360648979929e-01 3.102646450564783970e-03
1.135744731616680075e-01 3.856061388269854673e-03
1.219373946052093177e-01 4.631644080045784970e-03
1.305531093075013582e-01 5.425787516854515408e-03
1.394157788779354923e-01 6.234829180689242106e-03
1.485194215832897624e-01 7.055060040357798851e-03
1.578579162162610794e-01 7.882733816044634051e-03
1.674250058700993971e-01 8.714076497058905607e-03
1.772143016191237985e-01 9.545296095136369258e-03
1.872192861070980652e-01 1.037259261357510731e-02
1.974333170475708055e-01 1.119216821036629270e-02
2.078496306423117945e-01 1.200023753134938850e-02
2.184613449258799855e-01 1.279303818729791292e-02
2.292614630461038139e-01 1.356684134674566652e-02
2.402428764918239645e-01 1.431796241431939828e-02
2.513983682806185671e-01 1.504277176237282104e-02
2.627206161203816670e-01 1.573770548184507539e-02
2.742021955595407845e-01 1.639927611651577008e-02
2.858355831413727510e-01 1.702408334322555797e-02
2.976131595782955941e-01 1.760882455919850903e-02
3.095272129621703394e-01 1.815030533636349461e-02
3.215699420265573649e-01 1.864544970155098888e-02
3.337334594765181683e-01 1.909131020065794535e-02
3.460097954009653254e-01 1.948507770434791675e-02
3.583909007817377979e-01 1.982409091260366185e-02
3.708686511125459107e-01 2.010584551548861773e-02
3.834348501396951936e-01 2.032800296781669264e-02
3.960812337350978485e-01 2.048839883608214937e-02
4.088454532621205728e-01 2.059572122531915656e-02
4.216931702143455474e-01 2.068034674151774180e-02
4.345951156117506819e-01 2.074338014069965902e-02
4.475425770337489451e-01 2.078389379761192216e-02
4.605268046411287175e-01 2.080104773569358204e-02
4.735390167762124070e-01 2.079409297290236991e-02
4.865704056378101217e-01 2.076237450231139051e-02
4.996121430261026841e-01 2.070533388915638331e-02
5.126553861519757005e-01 2.062251146851050779e-02
5.256912835047786725e-01 2.051354813038148289e-02
5.387109807720045218e-01 2.037818668174565598e-02
5.517056268039791656e-01 2.021627277782426374e-02
5.646663796163383653e-01 2.002775541774601611e-02
5.775844124228211030e-01 1.981268700259752880e-02
5.904509196907571367e-01 1.957122295671516118e-02
6.032571232115594428e-01 1.930362091588764401e-02
6.159942781785308075e-01 1.901023948889791343e-02
6.286536792643913074e-01 1.869153660150516330e-02
6.412266666910837465e-01 1.834806743453310657e-02
6.537046322846442603e-01 1.798048197016511446e-02
6.660790255082055245e-01 1.758952216282924641e-02
6.783413594665389512e-01 1.717601875316967022e-02
6.904832168759149624e-01 1.674088774552658088e-02
7.024962559934717632e-01 1.628512657107238776e-02
7.143722165007154734e-01 1.580980996026280783e-02
7.261029253362171199e-01 1.531608554955156583e-02
7.376803024730175240e-01 1.480516924837616682e-02
7.490963666366964313e-01 1.427834039324735009e-02
7.603432409604756748e-01 1.373693671636473830e-02
7.714131585741297314e-01 1.318234915653436652e-02
7.822984681238392968e-01 1.261601654028635805e-02
7.929916392204376940e-01 1.203942016098689255e-02
8.034852678137857085e-01 1.145407828341513980e-02
8.137720814912222655e-01 1.086154060074595758e-02
8.238449446982057944e-01 1.026338267015115130e-02
8.336968638793695874e-01 9.661200352323755236e-03
8.433209925382565419e-01 9.056604279152467851e-03
8.527106362139798001e-01 8.451214372549600840e-03
8.618592573729906281e-01 7.846654436076369241e-03
8.707604802139876643e-01 7.244546839541277788e-03
8.794080953838291359e-01 6.646507315183428251e-03
8.877960646020663926e-01 6.054139882417689314e-03
8.959185251914454362e-01 5.469031916430611151e-03
9.037697945114051556e-01 4.892749374196934779e-03
9.113443742912621381e-01 4.326832189754614005e-03
9.186369548594135459e-01 3.772789848853167795e-03
9.256424192645035243e-01 3.232097151393721092e-03
9.323558472841402267e-01 2.706190168426213759e-03
9.387725193163631854e-01 2.196462398880661727e-03
9.448879201487156987e-01 1.704261129694925256e-03
9.506977425994442843e-01 1.230884001581522905e-03
9.561978910250470420e-01 7.775757813584640091e-04
9.613844846881338668e-01 3.455253405683584092e-04
9.662538609793570599e-01 -6.413716096718979909e-05
9.708025784870074615e-01 -4.503428889552039960e-04
9.750274199077803017e-01 -8.120867489044159698e-04
9.789253947921806587e-01 -1.148429604633351489e-03
9.824937421180774955e-01 -1.458500305304122422e-03
9.857299326860167188e-01 -1.741497525651331110e-03
9.886316713300873360e-01 -1.996691424313100805e-03
9.911968989383794781e-01 -2.223425125271173870e-03
9.934237942773957997e-01 -2.421116027374542803e-03
9.953107756151601260e-01 -2.589256946764388525e-03
9.968565021382242985e-01 -2.727417096745121672e-03
9.980598751582788752e-01 -2.835242909267066992e-03
9.989200391046394456e-01 -2.912458701712391032e-03
9.994363822994920543e-01 -2.958867192120869134e-03
9.996085375134291517e-01 -2.974349865366833576e-03
