# NACA 4-digit  m=0.032024 p=0.400 t/c=0.025065  unit chord, x y
1.000318431162948718e+00 2.983052395527620131e-03
1.000147501124274418e+00 3.006009887613997518e-03
9.996348257288241168e-01 3.074828565609249911e-03
9.987807490750181261e-01 3.189347199578525076e-03
9.975858444491072508e-01 3.349297621637667335e-03
9.960509140080928692e-01 3.554305545999905669e-03
9.941769883349997894e-01 3.803891711139893283e-03
9.919653258657208372e-01 4.097473338232867843e-03
9.894174121864447446e-01 4.434365898443490620e-03
9.865349592005108192e-01 4.813785180117734208e-03
9.833199041633898796e-01 5.234849645484452099e-03
9.797744085843662631e-01 5.696583065115683533e-03
9.759008569934165545e-01 6.197917417132698878e-03
9.717018555717314987e-01 6.737696036993524179e-03
9.671802306443113562e-01 7.314677002660897875e-03
9.623390270330958174e-01 7.927536739039769270e-03
9.571815062691516607e-01 8.574873824792886984e-03
9.517111446625510229e-01 9.255212984000026066e-03
9.459316312287073814e-01 9.967009244622371603e-03
9.398468654701238600e-01 1.070865224537241242e-02
9.334609550127204169e-01 1.147847067237077467e-02
9.267782130961467191e-01 1.227473680689591951e-02
9.198031559177706207e-01 1.309567116559621006e-02
9.125404998303245918e-01 1.393944721473480523e-02
9.049951583935160748e-01 1.480419614037045348e-02
8.971722392802392587e-01 1.568801165683541415e-02
8.890770410383792566e-01 1.658895483644705349e-02
8.807150497095422859e-01 1.750505894407556468e-02
8.720919353064088275e-01 1.843433426097359704e-02
8.632135481507507979e-01 1.937477288314684576e-02
8.540859150744890549e-01 2.032435348049366555e-02
8.447152354865032908e-01 2.128104600395499743e-02
8.351078773082004636e-01 2.224281632898053931e-02
8.252703727811393497e-01 2.320763082471868910e-02
8.152094141502566060e-01 2.417346083946382562e-02
8.049318492264716518e-01 2.513828709402885983e-02
7.944446768326325348e-01 2.610010397584257985e-02
7.837550421369234854e-01 2.705692372768398260e-02
7.728702318779751002e-01 2.800678052604675672e-02
7.617976694859961428e-01 2.894773444516434910e-02
7.505449101042906968e-01 2.987787530370658237e-02
7.391196355155342790e-01 3.079532639207051628e-02
7.275296489771465591e-01 3.169824807902306418e-02
7.157828699700427011e-01 3.258484129719835254e-02
7.038873288649519777e-01 3.345335090760352681e-02
6.918511615103644097e-01 3.430206894383455718e-02
6.796826037460369507e-01 3.512933773714277397e-02
6.673899858458162138e-01 3.593355292382143656e-02
6.549817268933664227e-01 3.671316633659457707e-02
6.424663290942054239e-01 3.746668878178949225e-02
6.298523720272657389e-01 3.819269270405868666e-02
6.171485068390081263e-01 3.888981474028992830e-02
6.043634503829451443e-01 3.955675816410882811e-02
5.915059793072626748e-01 4.019229522204129795e-02
5.785849240930847071e-01 4.079526936197206549e-02
5.656091630458043307e-01 4.136459735401745719e-02
5.525876162418102977e-01 4.189927130333574029e-02
5.395292394328746743e-01 4.239836055373821799e-02
5.264430179104427898e-01 4.286101348024993346e-02
5.133379603320770146e-01 4.328645916801381749e-02
5.002230925123537508e-01 4.367400897414993460e-02
4.871074511806129936e-01 4.402305796838602153e-02
4.740000777080848882e-01 4.433308624748196619e-02
4.609100118071003949e-01 4.460366011769360123e-02
4.478462852053044507e-01 4.483443313877456121e-02
4.348179152980451989e-01 4.502514702231542876e-02
4.218338987823984088e-01 4.517563237657834518e-02
4.089032052766098380e-01 4.528580928941997735e-02
3.960230413727731102e-01 4.535393427444341097e-02
3.831877110691406241e-01 4.535403182173919356e-02
3.704324037619389776e-01 4.527811882204008098e-02
3.577660489601718341e-01 4.512723866087292590e-02
3.451975190925457571e-01 4.490261847464863121e-02
3.327356225114498356e-01 4.460566581912087797e-02
3.203890964935171004e-01 4.423796484688295727e-02
3.081666002480762390e-01 4.380127199326988574e-02
2.960767079455656758e-01 4.329751117148233214e-02
2.841279017786558780e-01 4.272876847932842448e-02
2.723285650694030058e-01 4.209728642167987617e-02
2.606869754362249325e-01 4.140545765455198174e-02
2.492112980348336893e-01 4.065581825862991244e-02
2.379095788874715789e-01 3.985104055206394047e-02
2.267897383148781976e-01 3.899392545442965236e-02
2.158595644853485707e-01 3.808739441587897373e-02
2.051267070950330007e-01 3.713448092767750175e-02
1.945986711932781721e-01 3.613832163251636670e-02
1.842828111663120383e-01 3.510214705518319156e-02
1.741863248919404972e-01 3.402927197635832041e-02
1.643162480771604705e-01 3.292308547445167710e-02
1.546794487897051595e-01 3.178704066249204985e-02
1.452826221935350215e-01 3.062464414910712196e-02
1.361322854971890595e-01 2.943944525457053984e-02
1.272347731227203294e-01 2.823502501472494042e-02
1.185962321016808263e-01 2.701498500730017266e-02
1.102226177033037852e-01 2.578293603671890852e-02
1.021196892986776378e-01 2.454248671490258729e-02
9.429300646332659797e-02 2.329723197684639702e-02
8.674792531923408712e-02 2.205074157081057112e-02
7.948959511597865346e-02 2.080654856386655871e-02
7.252295504931424719e-02 1.956813790423083538e-02
6.585273131424297655e-02 1.833893508230990954e-02
5.948343438840404673e-02 1.712229493265991082e-02
5.341935654046337661e-02 1.592149061913030253e-02
4.766456955714042792e-02 1.473970284530911473e-02
4.222292268157030320e-02 1.358000933201631427e-02
3.709804075487999758e-02 1.244537460300258400e-02
3.229332255216697117e-02 1.133864011920380360e-02
2.781193930351423885e-02 1.026251480088056361e-02
2.365683339026717485e-02 9.219565975741330494e-03
1.983071720653304185e-02 8.212210789712752826e-03
1.633607217575339457e-02 7.242708115389187400e-03
1.317514791223390117e-02 6.313150991371971506e-03
1.034996151770334327e-02 5.425459623709095319e-03
7.862297003302686979e-03 4.581374978476403237e-03
5.713704827871459759e-03 3.782452992213326207e-03
3.905501544001070777e-03 3.030059424454228587e-03
2.438769544042919141e-03 2.325365373989845847e-03
1.314356899093818308e-03 1.669343477770004113e-03
5.328772849106540570e-04 1.062764808529710744e-03
9.470998972308119113e-05 5.061964843032431150e-04
0.000000000000000000e+00 0.000000000000000000e+00
2.479650347196589531e-04 -4.513390654652591730e-04
8.375879605155127101e-04 -8.435136905480434969e-04
1.768309367778217846e-03 -1.176697543711592879e-03
3.039335087683790997e-03 -1.451213751489808558e-03
4.649637082188547502e-03 -1.667534030255123957e-03
6.597954576990769891e-03 -1.826277535217457875e-03
8.882795432742696465e-03 -1.928209426280212907e-03
1.150243774849096789e-02 -1.974239150141902845e-03
1.445493169008954179e-02 -1.965418437833489108e-03
1.773810153517829322e-02 -1.902939016730145240e-03
2.134954792527390607e-02 -1.788130035979989142e-03
2.528665031457929396e-02 -1.622455204258059329e-03
2.954656960430733156e-02 -1.407509638788652546e-03
3.412625095063128583e-02 -1.145016424688846159e-03
3.902242673383326393e-02 -8.368228838766958791e-04
4.423161967582883020e-02 -4.848965530634182647e-04
4.975014609299894391e-02 -9.132087071456965882e-05
5.557411927116872458e-02 3.417094266761969146e-04
6.169945294963057048e-02 8.118931981032796036e-04
6.812186490131831584e-02 1.316828079806856358e-03
7.483688059659346359e-02 1.854015952975447343e-03
8.183983693859729625e-02 2.420868694251324463e-03
8.912588605875021441e-02 3.014714204955882063e-03
9.668999916172595077e-02 3.632802713918546755e-03
1.045269704100870861e-01 4.272313347669819822e-03
1.126314208397253130e-01 4.930360960552410132e-03
1.209978022982882429e-01 5.604003216018905650e-03
1.296204013998853155e-01 6.290247909028904780e-03
1.384933434905231964e-01 6.986060518039759193e-03
1.476105966199174058e-01 7.688371973613696009e-03
1.569659755165408177e-01 8.394086629150619011e-03
1.665531455639812919e-01 9.100090417711219695e-03
1.763656267778758446e-01 9.803259177333004115e-03
1.863967977838504597e-01 1.050046712567511212e-02
1.966398997980011720e-01 1.118859546327138216e-02
2.070880406124938622e-01 1.186454108313953100e-02
2.177341985898184895e-01 1.252522536300404964e-02
2.285712266700946071e-01 1.316760301495650126e-02
2.395918563965795112e-01 1.378867096601658036e-02
2.507887019651661720e-01 1.438547724178647347e-02
2.621542643041664955e-01 1.495512982422634619e-02
2.736809351910502452e-01 1.549480545353556886e-02
2.853610014130488759e-01 1.600175834321881582e-02
2.971866489786339494e-01 1.647332877666310424e-02
3.091499673868339237e-01 1.690695155296349436e-02
3.212429539611825202e-01 1.730016424932689922e-02
3.334575182547790950e-01 1.765061526716379253e-02
3.457854865325067917e-01 1.795607162895777875e-02
3.582186063359054096e-01 1.821442649319106322e-02
3.707485511355400609e-01 1.842370635500421849e-02
3.833669250749538460e-01 1.858207790088828651e-02
3.960652678094674917e-01 1.868785448654385062e-02
4.088612692312424413e-01 1.874820750105126582e-02
4.217316361773706390e-01 1.878800364165633327e-02
4.346558924819031167e-01 1.880822886060678004e-02
4.476252515270419119e-01 1.880821278595177365e-02
4.606308924650545644e-01 1.878735803821906386e-02
4.736639660489711523e-01 1.874514263802940645e-02
4.867156005115136908e-01 1.868112212709261560e-02
4.997769074876460826e-01 1.859493138995749889e-02
5.128389879757960790e-01 1.848628616569492761e-02
5.258929383325007256e-01 1.835498424058121247e-02
5.389298562949701443e-01 1.820090631480361654e-02
5.519408470258430066e-01 1.802401653821043143e-02
5.649170291742470207e-01 1.782436271215936605e-02
5.778495409471460231e-01 1.760207615655906555e-02
5.907295461848846019e-01 1.735737124323435965e-02
6.035482404348140317e-01 1.709054459875414961e-02
6.162968570168971816e-01 1.680197398182898399e-02
6.289666730752550006e-01 1.649211684229181379e-02
6.415490156097169994e-01 1.616150857050734080e-02
6.540352674815810285e-01 1.581076044779577278e-02
6.664168733879546336e-01 1.544055731009224934e-02
6.786853457992630956e-01 1.505165493858055641e-02
6.908322708547252056e-01 1.464487719242814345e-02
7.028493142108481750e-01 1.422111289999818465e-02
7.147282268382521009e-01 1.378131252601549027e-02
7.264608507624001899e-01 1.332648463311004311e-02
7.380391247440738489e-01 1.285769215694932896e-02
7.494550898957090812e-01 1.237604851479490523e-02
7.607008952299526561e-01 1.188271356777967011e-02
7.717688031370516510e-01 1.137888945749793157e-02
7.826511947879091213e-01 1.086581633763475038e-02
7.933405754598403803e-01 1.034476802133644895e-02
8.038295797822487820e-01 9.817047564845162583e-03
8.141109768995806739e-01 9.283982807595445030e-03
8.241776755490440864e-01 8.746921888505622758e-03
8.340227290506573299e-01 8.207228757602234859e-03
8.436393402072506209e-01 7.666278701400693063e-03
8.530208661120584068e-01 7.125453899643664595e-03
8.621608228615367242e-01 6.586139030078205954e-03
8.710528901709851946e-01 6.049716936951620577e-03
8.796909158904887560e-01 5.517564377833119801e-03
8.880689204185914232e-01 4.991047862240366971e-03
8.961811010109956843e-01 4.471519594379250867e-03
9.040218359814313764e-01 3.960313531107276241e-03
9.115856887916908846e-01 3.458741565017667621e-03
9.188674120276534296e-01 2.968089841328266747e-03
9.258619512579454591e-01 2.489615216059103478e-03
9.325644487717179576e-01 2.024541861806194477e-03
9.389702471918414117e-01 1.574058026282476770e-03
9.450748929596604064e-01 1.139312947705721155e-03
9.508741396873092722e-01 7.214139300829877990e-04
9.563639513734490949e-01 3.214235804771059871e-04
9.615405054781909211e-01 -5.964279054673869013e-05
9.664001958528902758e-01 -4.208196049020674658e-04
9.709396355204468199e-01 -7.611932897147299232e-04
9.751556593017370878e-01 -1.079904387758631214e-03
9.790453262838267889e-01 -1.376149507073451492e-03
9.826059221256783216e-01 -1.649183111676600939e-03
9.858349611971657378e-01 -1.898319155617225144e-03
9.887301885473609442e-01 -2.122932562859728561e-03
9.912895816982336683e-01 -2.322460555629829622e-03
9.935113522601379810e-01 -2.496403833911179596e-03
9.953939473657176240e-01 -2.644327608750293365e-03
9.969360509191660391e-01 -2.765862491917534059e-03
9.981365846581099488e-01 -2.860705244288541498e-03
9.989947090257496054e-01 -2.928619385062040340e-03
9.995098238512828415e-01 -2.969435663625568864e-03
9.996815688370512820e-01 -2.983052395527620131e-03
