# NACA 4-digit  m=0.052804 p=0.400 t/c=0.122506  unit chord, x y
1.000520048504994319e+00 2.954581112857312866e-03
1.000352883404380000e+00 3.009290346811408119e-03
9.998514824251384381e-01 3.173297966446509896e-03
9.990161285905714283e-01 3.446244136655216006e-03
9.978472937899370843e-01 3.827530501257365905e-03
9.963456390497349435e-01 4.316322226319469282e-03
9.945120149048839453e-01 4.911550840552764315e-03
9.923474618613317144e-01 5.611917852782369147e-03
9.898532109394414524e-01 6.415899121110463753e-03
9.870306842854768004e-01 7.321749943281715550e-03
9.838814958366747243e-01 8.327510832946326269e-03
9.804074520237836543e-01 9.431013942064381608e-03
9.766105524935864146e-01 1.062989008563451458e-02
9.724929908328270312e-01 1.192157632131840041e-02
9.680571552741491503e-01 1.330332403338863392e-02
9.633056293641246715e-01 1.477220746779993842e-02
9.582411925732307045e-01 1.632513266308453781e-02
9.528668208276985796e-01 1.795884672023391818e-02
9.471856869435195669e-01 1.966994735375648604e-02
9.412011609435412263e-01 2.145489266571289078e-02
9.349168102394959101e-01 2.331001108472045835e-02
9.283363996619640179e-01 2.523151141269225697e-02
9.214638913226588235e-01 2.721549292341585158e-02
9.143034442950024321e-01 2.925795545897130062e-02
9.068594141007078058e-01 3.135480947241480604e-02
8.991363519919597369e-01 3.350188596808047203e-02
8.911390040207674001e-01 3.569494629424975474e-02
8.828723098890868259e-01 3.792969174676177890e-02
8.743414015753685486e-01 4.020177294634284804e-02
8.655516017352175018e-01 4.250679895697307559e-02
8.565084218758191037e-01 4.484034611742296339e-02
8.472175603056713022e-01 4.719796656312751082e-02
8.376848998629015108e-01 4.957519642075763899e-02
8.279165054270305468e-01 5.196756366313234204e-02
8.179186212204310191e-01 5.437059561742776242e-02
8.076976679068998966e-01 5.677982612490761749e-02
7.972602394956824767e-01 5.919080235556234415e-02
7.866131000599589917e-01 6.159909128603148487e-02
7.757631802792019915e-01 6.400028585392597558e-02
7.647175738149369906e-01 6.639001080610892891e-02
7.534835335292838776e-01 6.876392826256669255e-02
7.420684675552456921e-01 7.111774302115210500e-02
7.304799352270218149e-01 7.344720763166134869e-02
7.187256428777143435e-01 7.574812727035759585e-02
7.068134395106585588e-01 7.801636444815189531e-02
6.947513123492760068e-01 8.024784358714706634e-02
6.825473822688800096e-01 8.243855550112752506e-02
6.702098991122418248e-01 8.458456181581361366e-02
6.577472368890517895e-01 8.668199936428205854e-02
6.451678888576775073e-01 8.872708459188846652e-02
6.324804624858986202e-01 9.071611800331171038e-02
6.196936742856246072e-01 9.264548868199794229e-02
6.068163445150244195e-01 9.451167890933308280e-02
5.938573917400505886e-01 9.631126890735076940e-02
5.808258272460831151e-01 9.804094172473132307e-02
5.677307492893732821e-01 9.969748828131355656e-02
5.545813371771867173e-01 1.012778125813812574e-01
5.413868451650398761e-01 1.027789371006657404e-01
5.281565961592509240e-01 1.041980083463906331e-01
5.148999752131724339e-01 1.055323025838495465e-01
5.016264228059784669e-01 1.067792317170332961e-01
4.883454278937481297e-01 1.079363493047844624e-01
4.750665207238029542e-01 1.090013566879446394e-01
4.617992654048446721e-01 1.099721091970501247e-01
4.485532522273547595e-01 1.108466224044142578e-01
4.353380897309663822e-01 1.116230783789877862e-01
4.221633965180559556e-01 1.122998318972932008e-01
4.090387928156086206e-01 1.128754165590631908e-01
3.958860637220347756e-01 1.133455159646691301e-01
3.826045392051736771e-01 1.136638909859522539e-01
3.694005961527539461e-01 1.138154516827545593e-01
3.562849105352626777e-01 1.138007911886566442e-01
3.432681314000761152e-01 1.136208927413332459e-01
3.303608648830624883e-01 1.132771291797308871e-01
3.175736579098680235e-01 1.127712611638574947e-01
3.049169816708858782e-01 1.121054340682084982e-01
2.924012149590152765e-01 1.112821735071755080e-01
2.800366274633490637e-01 1.103043794587962589e-01
2.678333631148195892e-01 1.091753189618070718e-01
2.558014235815268544e-01 1.078986173700433038e-01
2.439506520119339994e-01 1.064782481576809353e-01
2.322907171233364321e-01 1.049185212785148646e-01
2.208310977310076750e-01 1.032240700923096333e-01
2.095810678102134061e-01 1.013998368811264983e-01
1.985496821789289323e-01 9.945105698832108765e-02
1.877457628836527448e-01 9.738324162251919824e-02
1.771778863642642088e-01 9.520215937822221197e-02
1.668543714665201572e-01 9.291381653368262217e-02
1.567832683626329549e-01 9.052443619525184226e-02
1.469723484315359763e-01 8.804043636546793339e-02
1.374290951410420680e-01 8.546840701966625098e-02
1.281606959642697108e-01 8.281508628281150641e-02
1.191740353525756468e-01 8.008733580452884193e-02
1.104756887769277746e-01 7.729211543592361122e-02
1.020719178393058174e-01 7.443645731670298082e-02
9.396866644546285341e-02 7.152743948533166196e-02
8.617155802033378553e-02 6.857215912846367778e-02
7.868589373766779471e-02 6.557770558868686317e-02
7.151665172619453559e-02 6.255113325170344463e-02
6.466848720591228394e-02 5.949943443545256672e-02
5.814573350001563806e-02 5.642951240437551336e-02
5.195240386063471744e-02 5.334815463204094221e-02
4.609219404002472265e-02 5.026200643470937063e-02
4.056848553318334605e-02 4.717754509713720928e-02
3.538434941314196058e-02 4.410105461002796629e-02
3.054255067642073704e-02 4.103860113605084514e-02
2.604555301338764076e-02 3.799600931829102968e-02
2.189552391654087798e-02 3.497883954139574536e-02
1.809434003905570701e-02 3.199236625156175878e-02
1.464359271629586505e-02 2.904155743689789890e-02
1.154459356438109277e-02 2.613105536462064643e-02
8.798380072297773413e-03 2.326515866602198515e-02
6.405721107414408602e-03 2.044780585422151242e-02
4.367122258570894922e-03 1.768256035340070795e-02
2.682830946099416455e-03 1.497259711154332908e-02
1.352841234151340270e-03 1.232069086170696146e-02
3.768982874711563312e-04 9.729206089542957042e-03
-2.454975777907886410e-04 7.200088757205937162e-03
-5.150872915902703856e-04 4.734859825966886149e-03
-4.328499096344231396e-04 2.334610611801982323e-03
0.000000000000000000e+00 0.000000000000000000e+00
7.755249340771632567e-04 -2.244156435580972955e-03
1.885552537016437153e-03 -4.373337543609061989e-03
3.328163844662824795e-03 -6.387766867517827990e-03
5.101206344255553374e-03 -8.287821012001723303e-03
7.202297392038277575e-03 -1.007402824572640673e-02
9.628828458762813194e-03 -1.174706730619639629e-02
1.237797017747448852e-02 -1.330776639689589501e-02
1.544667815877990256e-02 -1.475710236312968542e-02
1.883169953002566954e-02 -1.609620002943219427e-02
2.252958014655059502e-02 -1.732633167800113477e-02
2.653667241551108114e-02 -1.844891664436780834e-02
3.084914366579076181e-02 -1.946552100345000369e-02
3.546298499128069243e-02 -2.037785731626769181e-02
4.037402048941061972e-02 -2.118778440494770154e-02
4.557791681229252795e-02 -2.189730712122106571e-02
5.107019294425717282e-02 -2.250857607144190337e-02
5.684623011695602579e-02 -2.302388725924457008e-02
6.290128177160737855e-02 -2.344568160532609774e-02
6.923048347739989283e-02 -2.377654430250901105e-02
7.582886271554564739e-02 -2.401920396322333034e-02
8.269134843999542683e-02 -2.417653151586411295e-02
8.981278032838141412e-02 -2.425153880614894925e-02
9.718791764031650682e-02 -2.424737685963620701e-02
1.048114476047187632e-01 -2.416733376198700739e-02
1.126779932633018705e-01 -2.401483211437829488e-02
1.207821207037232808e-01 -2.379342602271597093e-02
1.291183456230413085e-01 -2.350679758097287339e-02
1.376811391700299980e-01 -2.315875281109610467e-02
1.464649330234425451e-01 -2.275321702450629896e-02
1.554641236724103592e-01 -2.229422957325397081e-02
1.646730758747100010e-01 -2.178593796241069108e-02
1.740861252785088076e-01 -2.123259129925772482e-02
1.836975802032961846e-01 -2.063853305928824156e-02
1.935017225858982892e-01 -2.000819315395122727e-02
2.034928081076265993e-01 -1.934607929042418684e-02
2.136650655285979306e-01 -1.865676761948428797e-02
2.240126952649536540e-01 -1.794489267372468416e-02
2.345298672539651297e-01 -1.721513660490160691e-02
2.452107181607146580e-01 -1.647221773604824746e-02
2.560493479880658896e-01 -1.572087845110656246e-02
2.670398161588645736e-01 -1.496587245213861633e-02
2.781761371456336618e-01 -1.421195142162291064e-02
2.894522757283556902e-01 -1.346385113483120760e-02
3.008621419651843487e-01 -1.272627707473628078e-02
3.123995859640242845e-01 -1.200388960922702669e-02
3.240583925448315972e-01 -1.130128879750269544e-02
3.358322758831664423e-01 -1.062299889928340624e-02
3.477148742249764335e-01 -9.973452666801600752e-03
3.596997447608145659e-01 -9.356975505322370767e-03
3.717803587447250924e-01 -8.777769593079881583e-03
3.839500969389207929e-01 -8.239898055903770169e-03
3.962022454602058263e-01 -7.747269295360799390e-03
4.087256816922436586e-01 -7.289985060529052818e-03
4.214021384417130922e-01 -6.830450969662865690e-03
4.341357180489819334e-01 -6.368482862040475423e-03
4.469182845049916031e-01 -5.906520744719472027e-03
4.597416388673102872e-01 -5.446915548422942566e-03
4.725975230332530863e-01 -4.991920003174624143e-03
4.854776237983785547e-01 -4.543680158217495990e-03
4.983735771940213666e-01 -4.104227604545089558e-03
5.112769730947006597e-01 -3.675472451661609963e-03
5.241793600836925915e-01 -3.259197103035044174e-03
5.370722505628049426e-01 -2.857050867192033328e-03
5.499471260904665870e-01 -2.470545433616952447e-03
5.627954429306780693e-01 -2.101051234641222731e-03
5.756086377941476151e-01 -1.749794706438483061e-03
5.883781337520966881e-01 -1.417856454158122892e-03
6.010953463027347565e-01 -1.106170318233248850e-03
6.137516895702807007e-01 -8.155233310635917610e-04
6.263385826166221193e-01 -5.465565456931192889e-04
6.388474558462449160e-01 -2.997667108491849919e-04
6.512697574858956617e-01 -7.550875986127997264e-05
6.635969601215290226e-01 1.260009253983632171e-04
6.758205672764200367e-01 3.046805202533628409e-04
6.879321200158136085e-01 4.605780825966965253e-04
6.999232035651415940e-01 5.938662524768018036e-04
7.117854539305804584e-01 7.048363844219598939e-04
7.235105645125249341e-01 7.938921742806220871e-04
7.350902927043624357e-01 8.615428448822820551e-04
7.465164664707159003e-01 9.083959566217672532e-04
7.577809909010118083e-01 9.351499101353313859e-04
7.688758547358247597e-01 9.425862085721409267e-04
7.797931368648736150e-01 9.315615465933652084e-04
7.905250127967904383e-01 9.029997921675310402e-04
8.010637611018205373e-01 8.578839255119520557e-04
8.114017698294062608e-01 7.972479971918369768e-04
8.215315429031528893e-01 7.221691644748659544e-04
8.314457064959562826e-01 6.337598616021310194e-04
8.411370153880826095e-01 5.331601557257183155e-04
8.505983593107283580e-01 4.215303359488796475e-04
8.598227692770700203e-01 3.000437782338521986e-04
8.688034239020254734e-01 1.698801239956547471e-04
8.775336557109442159e-01 3.221880503221849490e-05
8.860069574362032796e-01 -1.117670578738398646e-04
8.942169882992752061e-01 -2.609163607446805810e-04
9.021575802742396455e-01 -4.140853100627114175e-04
9.098227443270130443e-01 -5.701522931315008286e-04
9.172066766227652268e-01 -7.280223192315891240e-04
9.243037646921281603e-01 -8.866310307397394508e-04
9.311085935449424644e-01 -1.044948288232755776e-03
9.376159517184240455e-01 -1.201981338164495941e-03
9.438208372448482208e-01 -1.356777575951619713e-03
9.497184635221617155e-01 -1.508426921173363494e-03
9.553042650693700510e-01 -1.656063825058748905e-03
9.605739031471620670e-01 -1.798868933460763889e-03
9.655232712230524816e-01 -1.936070431080749027e-03
9.701485002593512874e-01 -2.066945094787119713e-03
9.744459638015672276e-01 -2.190819085453332010e-03
9.784122828444093978e-01 -2.307068508822115310e-03
9.820443304523934769e-01 -2.415119776474402430e-03
9.853392361121997567e-01 -2.514449798056251489e-03
9.882943897943642364e-01 -2.604586035500243250e-03
9.909074457026227911e-01 -2.685106449090378204e-03
9.931763256902538251e-01 -2.755639363875897127e-03
9.950992223240755497e-01 -2.815863283176238147e-03
9.966746015783362056e-01 -2.865506673758379686e-03
9.979012051425566465e-01 -2.904347744752179029e-03
9.987780523294352841e-01 -2.932214239532451860e-03
9.993044415711770379e-01 -2.948983256688070612e-03
9.994799514950057917e-01 -2.954581112857312866e-03
