# NACA 4-digit  m=0.031269 p=0.400 t/c=0.025000  unit chord, x y
1.000311002112758585e+00 2.983836068864984589e-03
1.000140061120360135e+00 3.006349566022890191e-03
9.996273529338387531e-01 3.073837310472695566e-03
9.987732218614868707e-01 3.186141223240579641e-03
9.975782415379124135e-01 3.342998378855443348e-03
9.960432146048256996e-01 3.544041811639129982e-03
9.941691722633585471e-01 3.788801638664388363e-03
9.919573736971576405e-01 4.076706493591195080e-03
9.894093053653023606e-01 4.407085264023715906e-03
9.865266801639350769e-01 4.779169123523730085e-03
9.833114364553470210e-01 5.192093847984141294e-03
9.797657369631548319e-01 5.644902404722929902e-03
9.758919675321199305e-01 6.136547801409814387e-03
9.716927357511198071e-01 6.665896180800406912e-03
9.671708694377696425e-01 7.231730146229126480e-03
9.623294149832214428e-01 7.832752301915255067e-03
9.571716355557360334e-01 8.467588991368400417e-03
9.517010091617255085e-01 9.134794216548646970e-03
9.459212265631072869e-01 9.832853719943985410e-03
9.398361890499863369e-01 1.056018921137737328e-02
9.334500060678985189e-01 1.131516272114689234e-02
9.267669926990832474e-01 1.209608106103663046e-02
9.197916669975286785e-01 1.290120037480805767e-02
9.125287471778279480e-01 1.372873075999074197e-02
9.049831486581936257e-01 1.457684094313101142e-02
8.971599809583127305e-01 1.544366299112157059e-02
8.890645444530652641e-01 1.632729704181598573e-02
8.807023269834676205e-01 1.722581603782229187e-02
8.720790003265620483e-01 1.813727044815708137e-02
8.632004165263043038e-01 1.905969296331726584e-02
8.540726040878393599e-01 1.999110315027773088e-02
8.447017640378773340e-01 2.092951205493696204e-02
8.350942658541750108e-01 2.187292674059749739e-02
8.252566432674129926e-01 2.281935475216861214e-02
8.151955899390026516e-01 2.376680849690294625e-02
8.049179550185847631e-01 2.471330953361033228e-02
7.944307385851649972e-01 2.565689276342041775e-02
7.837410869759861010e-01 2.659561051627390427e-02
7.728562880073575059e-01 2.752753652839831644e-02
7.617837660917395892e-01 2.845076980705592284e-02
7.505310772554262266e-01 2.936343837982559671e-02
7.391059040611799302e-01 3.026370292658544028e-02
7.275160504401404493e-01 3.114976029319053985e-02
7.157694364372753082e-01 3.201984688657780187e-02
7.038740928745503833e-01 3.287224195167284119e-02
6.918381559358782740e-01 3.370527073101277360e-02
6.796698616777725466e-01 3.451730750842982309e-02
6.673775404694715085e-01 3.530677853845994724e-02
6.549696113661301888e-01 3.607216486334481609e-02
6.424545764185015662e-01 3.681200501958520332e-02
6.298410149223413468e-01 3.752489763597925687e-02
6.171375776105970656e-01 3.820950392494234377e-02
6.043529807912682017e-01 3.886455006866176842e-02
5.914960004336639043e-01 3.948882950129291303e-02
5.785754662056463715e-01 4.008120508796298581e-02
5.656002554643265734e-01 4.064061120082064493e-02
5.525792872025927505e-01 4.116605569176576274e-02
5.395215159537835037e-01 4.165662176082339518e-02
5.264359256568015288e-01 4.211146971840221132e-02
5.133315234839664898e-01 4.252983863891268007e-02
5.002173336339568177e-01 4.291104790242804279e-02
4.871023910922873124e-01 4.325449862026545245e-02
4.739957353618868829e-01 4.355967493956085235e-02
4.609064041665232314e-01 4.382614522112281835e-02
4.478434271300232861e-01 4.405356308409348609e-02
4.348158194344872163e-01 4.424166831023343405e-02
4.218325754609720812e-01 4.439028759999485985e-02
4.089026624164341372e-01 4.449933517197028621e-02
3.960235881706954397e-01 4.456710142848824274e-02
3.831900323895597871e-01 4.456822124486381487e-02
3.704364996587624081e-01 4.449489433603965455e-02
3.577719131170770672e-01 4.434813252271137263e-02
3.452051387357229495e-01 4.412912729374165316e-02
3.327449783542994477e-01 4.383924658770811666e-02
3.204001627143902575e-01 4.348003109521154930e-02
3.081793445018947142e-01 4.305319008099260658e-02
2.960910914098927038e-01 4.256059672630964352e-02
2.841438792345064024e-01 4.200428299356536582e-02
2.723460850167910841e-01 4.138643401682667172e-02
2.607059802441465957e-01 4.070938202365285280e-02
2.492317241250828763e-01 3.997559979551918580e-02
2.379313569513856752e-01 3.918769367608441329e-02
2.268127935618154123e-01 3.834839613858754409e-02
2.158838169214128966e-01 3.746055792575533894e-02
2.051520718302906332e-01 3.652713977774090653e-02
1.946250587754529415e-01 3.555120376577905472e-02
1.843101279387120428e-01 3.453590425141662285e-02
1.742144733731569028e-01 3.348447849333764659e-02
1.643451273598927898e-01 3.240023692593594490e-02
1.547089549559113597e-01 3.128655313587237752e-02
1.453126487429782232e-01 3.014685356487212947e-02
1.361627237863590745e-01 2.898460696895145336e-02
1.272655128110476985e-01 2.780331366609597316e-02
1.186271616019351494e-01 2.660649460612642125e-02
1.102536246330755310e-01 2.539768029806865196e-02
1.021506609298850760e-01 2.418039963177642110e-02
9.432383016676429421e-02 2.295816863182571430e-02
8.677848900128666554e-02 2.173447918279555052e-02
7.951978764476115569e-02 2.051278776596195813e-02
7.255266666766670147e-02 1.929650424814890325e-02
6.588185403719896971e-02 1.808898076399582944e-02
5.951186238296973796e-02 1.689350073320865578e-02
5.344698648577971695e-02 1.571326805445569241e-02
4.769130098335701284e-02 1.455139651744787044e-02
4.224865828602802909e-02 1.341089947440309363e-02
3.712268669448090530e-02 1.229467981153669828e-02
3.231678871109788104e-02 1.120552026044546040e-02
2.783413953578391109e-02 1.014607408826394275e-02
2.367768573681015842e-02 9.118856204273797367e-03
1.985014408692467591e-02 8.126234719243804680e-03
1.635400055486539717e-02 7.170422992178829627e-03
1.319150944243571710e-02 6.253472197365928659e-03
1.036469265747779617e-02 5.377264442636743753e-03
7.875339113392287177e-03 4.543506467626009203e-03
5.725004246301377414e-03 3.753723948507456214e-03
3.915009641533608031e-03 3.009256433245215828e-03
2.446442761804006657e-03 2.311252928820406189e-03
1.320156770272532453e-03 1.660668159196708460e-03
5.367704425662610896e-04 1.058259509986528898e-03
9.666816283908571136e-05 5.045846728882325254e-04
0.000000000000000000e+00 0.000000000000000000e+00
2.460068616036544193e-04 -4.510211580377708755e-04
8.336948028599056775e-04 -8.441797963806860292e-04
1.762509496599503700e-03 -1.179642103579851137e-03
3.031661869922703482e-03 -1.457719634597759006e-03
4.640128984656009814e-03 -1.678868479669434624e-03
6.586655158560852236e-03 -1.843688161910142856e-03
8.869753322653096267e-03 -1.952920263132672252e-03
1.148770660871651500e-02 -2.007446777060854434e-03
1.443857015988772585e-02 -2.008288188889657822e-03
1.772017315606629062e-02 -1.956601279954581305e-03
2.133012104488227201e-02 -1.853676656142343431e-03
2.526579796803631039e-02 -1.700935998608104835e-03
2.952436937203765932e-02 -1.499929035368914934e-03
3.410278479170037597e-02 -1.252330232424875636e-03
3.899778079423235622e-02 -9.599352032246847785e-04
4.420588407137110432e-02 -6.246568355452357738e-04
4.972341466678235899e-02 -2.485211352005554236e-04
5.554648932585238424e-02 1.663372135635200755e-04
6.167102495506487925e-02 6.176795705931104052e-04
6.809274217836232268e-02 1.103168344233929413e-03
7.480716897824100931e-02 1.620372275848961860e-03
8.180964440981479402e-02 2.166772001833912331e-03
8.909532237669763599e-02 2.739765889581602734e-03
9.665917545828825452e-02 3.336676142814964940e-03
1.044959987788796479e-01 3.954755170585482274e-03
1.126004139099535672e-01 4.591192213025289265e-03
1.209668727980339198e-01 5.243120215652494545e-03
1.295896617115579463e-01 5.907622942668758551e-03
1.384629052013531814e-01 6.581742318263656549e-03
1.475805700704742041e-01 7.262485983462248218e-03
1.569364693503346175e-01 7.946835054531423831e-03
1.665242662812489727e-01 8.631752067408291970e-03
1.763374782966594390e-01 9.314189091044011368e-03
1.863694810114504552e-01 9.991095990982112526e-03
1.966135122158264026e-01 1.065942882292626737e-02
2.070626758772362297e-01 1.131615833451408287e-02
2.177099461537541636e-01 1.195827855201657755e-02
2.285481714231573924e-01 1.258281542724315992e-02
2.395700783326654149e-01 1.318683551856660030e-02
2.507682758749170127e-01 1.376745467870685302e-02
2.621352594962448324e-01 1.432184672074418748e-02
2.736634152436621670e-01 1.484725203278529186e-02
2.853450239571983515e-01 1.534098611079778157e-02
2.971722655143069214e-01 1.580044797837259693e-02
3.091372231330154485e-01 1.622312846158296268e-02
3.212318877403093631e-01 1.660661828669737772e-02
3.334481624119294829e-01 1.694861596828158012e-02
3.457778668893295992e-01 1.724693545520030596e-02
3.582127421790001764e-01 1.749951350221357060e-02
3.707444552387166303e-01 1.770441673525621068e-02
3.833646037545346830e-01 1.785984837910184475e-02
3.960647210115451622e-01 1.796415461694002291e-02
4.088618120914181420e-01 1.802433221786733583e-02
4.217329594987969665e-01 1.806465906585072792e-02
4.346579883454610993e-01 1.808609062348719154e-02
4.476281096023230766e-01 1.808796457654399809e-02
4.606345001056317279e-01 1.806968973254562127e-02
4.736683083951691575e-01 1.803074840187541064e-02
4.867206605998393720e-01 1.797069849755119492e-02
4.997826663660430158e-01 1.788917534114081026e-02
5.128454248239066038e-01 1.778589316407306470e-02
5.259000305861419866e-01 1.766064629547025797e-02
5.389375797740613150e-01 1.751331002956418859e-02
5.519491760650605539e-01 1.734384116774001505e-02
5.649259367557247780e-01 1.715227823226448539e-02
5.778589988345843587e-01 1.693874135077728244e-02
5.907395250584833724e-01 1.670343181264093146e-02
6.035587100264909743e-01 1.644663130023404571e-02
6.163077862453082423e-01 1.616870080022225764e-02
6.289780301801793927e-01 1.587007920172903847e-02
6.415607682854208571e-01 1.555128159014275251e-02
6.540473830088172624e-01 1.521289724701914078e-02
6.664293187642993388e-01 1.485558736815701525e-02
6.786980878675274997e-01 1.448008251342631017e-02
6.908452764292113413e-01 1.408717980330056498e-02
7.028625502012497694e-01 1.367773987828014952e-02
7.147416603710194938e-01 1.325268363847995588e-02
7.264744492994062997e-01 1.281298878158970873e-02
7.380528561984281977e-01 1.235968615819046587e-02
7.494689227445735513e-01 1.189385596402471254e-02
7.607147986242092097e-01 1.141662378926857485e-02
7.717827470076692453e-01 1.092915654514168937e-02
7.826651499488465058e-01 1.043265828831701873e-02
7.933545137073079179e-01 9.928365963561584448e-03
8.038434739901356707e-01 9.417545084854386794e-03
8.141248011108346283e-01 8.901485374898297082e-03
8.241914050627704436e-01 8.381496382473554996e-03
8.340363405046827827e-01 7.858903096483224604e-03
8.436528116558765777e-01 7.335041574824000508e-03
8.530341770987081018e-01 6.811254605392684860e-03
8.621739544859832183e-01 6.288887415618085036e-03
8.710658251508319738e-01 5.769283445907415209e-03
8.797036386165634214e-01 5.253780201324456667e-03
8.880814170039054156e-01 4.743705194690767818e-03
8.961933593329222125e-01 4.240371993133033868e-03
9.040338457167538255e-01 3.745076378904765163e-03
9.115974414441875284e-01 3.259092634101277454e-03
9.188789009478953718e-01 2.783669957678198796e-03
9.258731716550089308e-01 2.320029021988549364e-03
9.325753977165398556e-01 1.869358674882746693e-03
9.389809236119789349e-01 1.432812792285324474e-03
9.450852976252605009e-01 1.011507285077755704e-03
9.508842751881347866e-01 6.065172630937039344e-04
9.563738220868647222e-01 2.188743580766351615e-04
9.615501175280652957e-01 -1.504357934294484229e-04
9.664095570594319895e-01 -5.004759070825173968e-04
9.709487553410585114e-01 -8.303592481725052474e-04
9.751645487630337117e-01 -1.139251670628004063e-03
9.790539979050382202e-01 -1.426373499269000152e-03
9.826143898337211802e-01 -1.691001257396647535e-03
9.858432402337414802e-01 -1.932469242135567917e-03
9.887382953685033282e-01 -2.150170950172212905e-03
9.912975338667968650e-01 -2.343560356666402750e-03
9.935191683317792233e-01 -2.512153050155760230e-03
9.954016467689847936e-01 -2.655527226229711154e-03
9.969436538303608764e-01 -2.773324542626623944e-03
9.981441118716412042e-01 -2.865250838210813868e-03
9.990021818207349691e-01 -2.931076718024045943e-03
9.995172638551970135e-01 -2.970638006287749239e-03
9.996889978872414151e-01 -2.983836068864984589e-03
