# NACA 4-digit  m=0.032623 p=0.400 t/c=0.025229  unit chord, x y
1.000324322100317964e+00 2.982417672836146835e-03
1.000153403319255396e+00 3.005750657221564238e-03
9.996407616271997254e-01 3.075694932213724093e-03
9.987867409146705677e-01 3.192086630583625476e-03
9.975919141228257736e-01 3.354653196970095591e-03
9.960570829284765004e-01 3.563014219917027495e-03
9.941832773022681868e-01 3.816682590765755820e-03
9.919717549392124134e-01 4.115065983502233862e-03
9.894240005605506871e-01 4.457468648059390026e-03
9.865417250857492215e-01 4.843093508038107814e-03
9.833268646732771234e-01 5.271044552348235629e-03
9.797815796286872825e-01 5.740329508898748406e-03
9.759082531784405434e-01 6.249862787189881114e-03
9.717094901078541236e-01 6.798468675495412429e-03
9.671881152615421362e-01 7.384884777273620013e-03
9.623471719047413941e-01 8.007765670523733781e-03
9.571899199439776185e-01 8.665686773012970176e-03
9.517198340056363115e-01 9.357148395646119193e-03
9.459406013711402217e-01 1.008057996573636164e-02
9.398561197676200685e-01 1.083434440156667324e-02
9.334704950131830214e-01 1.161674261940494335e-02
9.267880385161278989e-01 1.242601815405453697e-02
9.198132646277379365e-01 1.326036187408036540e-02
9.125508878485867337e-01 1.411791677304771384e-02
9.050058198886153926e-01 1.499678281844086733e-02
8.971831665815791501e-01 1.589502184038486809e-02
8.890882246548209578e-01 1.681066244286871444e-02
8.807264783556788545e-01 1.774170492085428916e-02
8.721035959362006817e-01 1.868612616744044774e-02
8.632254259981947397e-01 1.964188455612714615e-02
8.540979937009812728e-01 2.060692478417707960e-02
8.447274968345556134e-01 2.157918266408961547e-02
8.351203017611695811e-01 2.255658985127174249e-02
8.252829392286367138e-01 2.353707849709790745e-02
8.152221000589165989e-01 2.451858581768338874e-02
8.049446307157721581e-01 2.549905856983695346e-02
7.944575287554764831e-01 2.647645742679803627e-02
7.837679381647129073e-01 2.744876124748375779e-02
7.728831445899262409e-01 2.841397123406078085e-02
7.618105704624671404e-01 2.937011497370217022e-02
7.505577700239123295e-01 3.031525036137872053e-02
7.391324242559541569e-01 3.124746940145426560e-02
7.275423357192112306e-01 3.216490188669775957e-02
7.157954233052581383e-01 3.306571895407833112e-02
7.038997169060705605e-01 3.394813651736851290e-02
6.918633520049523034e-01 3.481041857713599447e-02
6.796945641928777704e-01 3.565088040915062595e-02
6.674016836139993192e-01 3.646789163256886762e-02
6.549931293439000823e-01 3.725987915947694129e-02
6.424774037039796548e-01 3.802533002747875146e-02
6.298630865151659819e-01 3.876279411700436772e-02
6.171588292939563791e-01 3.947088675489231202e-02
6.043733493936124246e-01 4.014829120556866887e-02
5.915154240931598251e-01 4.079376105081265746e-02
5.785938846366979194e-01 4.140612245867045932e-02
5.656176102253973603e-01 4.198427634156319532e-02
5.525955219644693717e-01 4.252720040304320409e-02
5.395365767673213631e-01 4.303395107199403657e-02
5.264497612190933706e-01 4.350366532235740852e-02
5.133440854017752297e-01 4.393556237571695500e-02
5.002285766831575664e-01 4.432894528328809591e-02
4.871122734719705027e-01 4.468320238306964370e-02
4.740042189416928120e-01 4.499780862712103591e-02
4.609134547257017211e-01 4.527232677315418119e-02
4.478490145866517169e-01 4.550640843388453066e-02
4.348199180632303928e-01 4.569979497688980707e-02
4.218351640977366923e-01 4.585231826708709157e-02
4.089037246482549737e-01 4.596390124337790262e-02
3.960225179351841707e-01 4.603277169678212516e-02
3.831854876895878781e-01 4.603246700787948925e-02
3.704284785647256606e-01 4.595485699410063046e-02
3.577604262475668762e-01 4.580100851954668068e-02
3.451902094356490980e-01 4.557217552676076644e-02
3.327266428103157203e-01 4.526979562261566892e-02
3.203784700054410628e-01 4.489548616363733119e-02
3.081543565831884601e-01 4.445103984031428812e-02
2.960628830291266445e-01 4.393841976143001565e-02
2.841125377797188434e-01 4.335975404107252767e-02
2.723117102957867686e-01 4.271732989271435910e-02
2.606686841960263457e-01 4.201358723660683636e-02
2.491916304650003411e-01 4.125111182868271276e-02
2.378886007502437894e-01 4.043262792119767940e-02
2.267675207631962009e-01 3.956099046744953468e-02
2.158361837985973419e-01 3.863917688507680082e-02
2.051022443867643319e-01 3.767027839463930883e-02
1.945732120927990971e-01 3.665749095240482258e-02
1.842564454762613546e-01 3.560410579848844598e-02
1.741591462241851573e-01 3.451349964369647416e-02
1.642883534695286363e-01 3.338912452059603075e-02
1.546509383062314169e-01 3.223449732644526750e-02
1.452535985110226524e-01 3.105318908765978408e-02
1.361028534809921864e-01 2.984881397743908288e-02
1.272050393947160296e-01 2.862501812001708168e-02
1.185663046034345913e-01 2.738546821671476034e-02
1.101926052574325882e-01 2.613384003054655680e-02
1.020897011713829405e-01 2.487380676755052838e-02
9.426315193100502643e-02 2.360902739426199576e-02
8.671831324197783186e-02 2.234313493182079127e-02
7.946033352065173805e-02 2.107972476808177634e-02
7.249415072473711086e-02 1.982234302977890425e-02
6.582448942083739263e-02 1.857447505726736448e-02
5.945585808444699832e-02 1.733953402463004473e-02
5.339254662687303865e-02 1.612084974798013576e-02
4.763862414247500843e-02 1.492165772461780116e-02
4.219793686866161325e-02 1.374508844530456138e-02
3.707410635025400192e-02 1.259415702130490741e-02
3.227052779912468333e-02 1.147175316701221776e-02
2.779036863946266964e-02 1.038063157792838698e-02
2.363656722860426121e-02 9.323402742508746927e-03
1.981183174310690090e-02 8.302524224921174062e-03
1.631863921963715852e-02 7.320292454108716720e-03
1.315923474028700586e-02 6.378835052695446331e-03
1.033563075213094276e-02 5.480103737247086354e-03
7.849606511180308444e-03 4.625867819199987879e-03
5.702707641374601434e-03 3.817708333415820512e-03
3.896245799871994164e-03 3.057012818819083728e-03
2.431298440641607543e-03 2.344970772940045342e-03
1.308708669219245347e-03 1.682569799434410675e-03
5.290851824438324962e-04 1.070592464794204194e-03
9.280228803647613692e-05 5.096138775192281950e-04
0.000000000000000000e+00 0.000000000000000000e+00
2.498727364062639802e-04 -4.537297123535885437e-04
8.413800629823342710e-04 -8.472377034951774017e-04
1.773957597652790806e-03 -1.180703190864810896e-03
3.046806191085102596e-03 -1.454457972914194232e-03
4.658892826317623248e-03 -1.668985533089804938e-03
6.608951763487628216e-03 -1.824919852889759402e-03
8.895485924865075000e-03 -1.923043933726661676e-03
1.151676851406336841e-02 -1.964288027115249947e-03
1.447084486203643709e-02 -1.949727572528373292e-03
1.775553449129452926e-02 -1.880580842135843884e-03
2.136843338870004702e-02 -1.758206291565739439e-03
2.530691647624220761e-02 -1.584099615813658150e-03
2.956814026835890077e-02 -1.359890509478902526e-03
3.414904570367357367e-02 -1.087339130633773431e-03
3.904636113845925960e-02 -7.683322678385682072e-04
4.425660548873752015e-02 -4.048792101050309455e-04
4.977609150766436341e-02 8.926800104773480182e-07
5.560092918475906254e-02 4.467426895332828746e-04
6.172702925358761888e-02 9.303217732016810793e-04
6.815010679472389976e-02 1.449177864729969331e-03
7.486568492117059992e-02 2.000761478574905605e-03
8.186909853392421166e-02 2.582431598726838556e-03
8.915549813600646967e-02 3.191461850101880854e-03
9.671985369404752231e-02 3.825046947075029860e-03
1.045569585373817834e-01 4.480309412569402280e-03
1.126614332855965100e-01 5.154306559908910026e-03
1.210277297965344778e-01 5.844037728355892802e-03
1.296501351278896152e-01 6.546451761899697852e-03
1.385227755067200694e-01 7.258454719443795458e-03
1.476396203024297749e-01 7.976917803068145005e-03
1.569944860000145603e-01 8.698685489530502343e-03
1.665810401716131262e-01 9.420583848625969578e-03
1.763928054456311845e-01 1.013942903046194041e-02
1.864231634739011434e-01 1.085203590213854562e-02
1.966653588984802470e-01 1.155522681276695621e-02
2.071125033207625310e-01 1.224584046422505686e-02
2.177575792765697182e-01 1.292074086355722920e-02
2.285934442217766038e-01 1.357682633148827624e-02
2.396128345338073007e-01 1.421103854015783562e-02
2.508083695349995201e-01 1.482037155190666852e-02
2.621725555443650824e-01 1.540188082977736114e-02
2.736977899646664825e-01 1.595269218934384017e-02
2.853763654119859106e-01 1.647001066057416502e-02
2.972004738950729807e-01 1.695112922767311875e-02
3.091622110517217026e-01 1.739343741425868062e-02
3.212535804492585578e-01 1.779442968081425963e-02
3.334664979559132103e-01 1.815171360113623789e-02
3.457927961894034508e-01 1.846301778447447320e-02
3.582242290485103675e-01 1.872619951025140256e-02
3.707524763327533779e-01 1.893925204264668843e-02
3.833691484545065919e-01 1.910031159295715736e-02
3.960657912470564312e-01 1.920766389848376637e-02
4.088607498595973055e-01 1.926861691623059022e-02
4.217303708620323555e-01 1.930850182900570311e-02
4.346538897167179227e-01 1.932832695238255113e-02
4.476225221456946457e-01 1.932741371403404879e-02
4.606274495464532381e-01 1.930515798065231270e-02
4.736598248153632285e-01 1.926103249343738555e-02
4.867107782201561816e-01 1.919458901249291444e-02
4.997714233168422671e-01 1.910546015737868419e-02
5.128328629060978638e-01 1.899336093289644145e-02
5.258861950238501448e-01 1.885808993109251014e-02
5.389225189605234556e-01 1.869953020243634439e-02
5.519329413031839326e-01 1.851764979115528426e-02
5.649085819946539910e-01 1.831250193175879698e-02
5.778405804035328108e-01 1.808422490584757347e-02
5.907201013989874516e-01 1.783304156036051927e-02
6.035383414241467515e-01 1.755925849044199377e-02
6.162865345619489288e-01 1.726326489210084150e-02
6.289559585873547576e-01 1.694553109175987032e-02
6.415379409999427684e-01 1.660660676164590205e-02
6.540238650310473689e-01 1.624711883173053997e-02
6.664051756197715282e-01 1.586776911058471878e-02
6.786733853524222759e-01 1.546933162904554071e-02
6.908200803601373119e-01 1.505264972199760708e-02
7.028369261697295922e-01 1.461863286483519597e-02
7.147156735030366637e-01 1.416825328228588261e-02
7.264481640203355184e-01 1.370254234823584626e-02
7.380263360036539710e-01 1.322258679599496410e-02
7.494422299760874484e-01 1.272952475907375598e-02
7.606879942534816585e-01 1.222454166301325390e-02
7.717558904251005103e-01 1.170886598911099856e-02
7.826382987601196994e-01 1.118376493102605541e-02
7.933277235369964320e-01 1.065053996522505493e-02
8.038167982929482758e-01 1.011052235605472242e-02
8.140982909909206811e-01 9.565068615902713733e-03
8.241651091015467223e-01 9.015555940443079064e-03
8.340103045976882123e-01 8.463377638367143227e-03
8.436270788591982983e-01 7.909938574283070789e-03
8.530087874855661889e-01 7.356650642642344022e-03
8.621489450140927824e-01 6.804928289626660347e-03
8.710412295411933403e-01 6.256184098922699596e-03
8.796794872443521873e-01 5.711824456233257664e-03
8.880577368021497220e-01 5.173245306238898750e-03
8.961701737096557929e-01 4.641828014546398561e-03
9.040111744863320586e-01 4.118935345954679618e-03
9.115753007734287428e-01 3.605907569147636348e-03
9.188573033176861138e-01 3.104058696702015341e-03
9.258521258379642793e-01 2.614672868089573492e-03
9.325549087712553531e-01 2.139000882167732369e-03
9.389609928943452033e-01 1.678256884507373092e-03
9.450659228172275661e-01 1.233615213806324613e-03
9.508654503442239836e-01 8.062074105978428093e-04
9.563555376986231371e-01 3.971193904902716593e-04
9.615323606065453443e-01 7.388783277763495694e-06
9.663923112356594958e-01 -3.619975615527766880e-04
9.709320009843241950e-01 -7.101059031192685431e-04
9.751482631167130988e-01 -1.036057772080507984e-03
9.790381552395057696e-01 -1.339031969583507741e-03
9.825989616157910778e-01 -1.618266404035548006e-03
9.858281953119273355e-01 -1.873059767858125226e-03
9.887236001732550017e-01 -2.102773056627594596e-03
9.912831526247420921e-01 -2.306830933160675633e-03
9.935050632928695835e-01 -2.484722939165671420e-03
9.953877784453339927e-01 -2.636004557057463043e-03
9.969299812454475163e-01 -2.760298124431750932e-03
9.981305928184575071e-01 -2.857293603517841937e-03
9.989887731273739968e-01 -2.926749207688028424e-03
9.995039216563017526e-01 -2.968491886804185825e-03
9.996756778996821469e-01 -2.982417672836146835e-03
