# NACA 4-digit  m=0.049636 p=0.400 t/c=0.093729  unit chord, x y
1.000489699619711459e+00 2.959762538186883410e-03
1.000321316047978026e+00 3.006810945473224837e-03
9.998162661767214798e-01 3.147851425353903262e-03
9.989748525557333725e-01 3.382570102828017043e-03
9.977975794936425613e-01 3.710445020325410775e-03
9.962851531432675989e-01 4.130747880650618986e-03
9.944384816149295370e-01 4.642546470783801699e-03
9.922586751116674320e-01 5.244707750408186472e-03
9.897470460787283209e-01 5.935901584698173063e-03
9.869051093582564826e-01 6.714605096767233341e-03
9.837345823388080612e-01 7.579107611277408757e-03
9.802373850881666018e-01 8.527516157099243946e-03
9.764156404569830361e-01 9.557761493605480829e-03
9.722716741399896057e-01 1.066760462222988287e-02
9.678080146809784345e-01 1.185464374233825488e-02
9.630273934073813047e-01 1.311632160828047830e-02
9.579327442801590653e-01 1.444993324272962967e-02
9.525272036447859358e-01 1.585263396009204892e-02
9.468141098694137225e-01 1.732144765289483218e-02
9.407970028567965715e-01 1.885327529363921284e-02
9.344796234172596527e-01 2.044490360464430723e-02
9.278659124908612554e-01 2.209301384890034400e-02
9.209600102079442685e-01 2.379419069588977614e-02
9.137662547784513034e-01 2.554493111770972727e-02
9.062891812016796722e-01 2.734165327262257084e-02
8.985335197895472081e-01 2.918070533534795202e-02
8.905041944979146251e-01 3.105837423596576746e-02
8.822063210620046947e-01 3.297089427219300484e-02
8.736452049334928471e-01 3.491445556299126174e-02
8.648263390183436039e-01 3.688521231492078445e-02
8.557554012159256374e-01 3.887929087633526515e-02
8.464382517613430190e-01 4.089279755836598002e-02
8.368809303742035244e-01 4.292182620562666473e-02
8.270896532182319127e-01 4.496246550363135197e-02
8.170708096771618356e-01 4.701080601400700609e-02
8.068309589532257631e-01 4.906294693264648399e-02
7.963768264952505449e-01 5.111500256993704167e-02
7.857153002638873618e-01 5.316310855606252300e-02
7.748534268418156845e-01 5.520342777805983814e-02
7.637984073968799859e-01 5.723215605877060574e-02
7.525575935060331290e-01 5.924552759101466004e-02
7.411384828476849096e-01 6.123982014318268136e-02
7.295487147695818297e-01 6.321136005496191812e-02
7.177960657387087995e-01 6.515652704403349094e-02
7.058884446789057687e-01 6.707175884628484297e-02
6.938338882009416064e-01 6.895355571333766642e-02
6.816405557287534833e-01 7.079848479198136424e-02
6.693167245243961672e-01 7.260318441041271886e-02
6.568707846130575900e-01 7.436436829600073795e-02
6.443112336082512659e-01 7.607882974862702208e-02
6.316466714360676749e-01 7.774344579249520271e-02
6.188857949561605842e-01 7.935518132767455102e-02
6.060373924760119602e-01 8.091109330055801241e-02
5.931103381539756247e-01 8.240833490989979415e-02
5.801135862856903191e-01 8.384415986218239636e-02
5.670561654676944396e-01 8.521592668678552862e-02
5.539471726315003952e-01 8.652110311782904017e-02
5.407957669410153878e-01 8.775727054569071317e-02
5.276111635460529747e-01 8.892212853710311504e-02
5.144026271847687015e-01 9.001349941847180958e-02
5.011794656281984839e-01 9.102933291268611171e-02
4.879510229606844329e-01 9.196771081527371772e-02
4.747266726908231371e-01 9.282685169134510805e-02
4.615158106886912970e-01 9.360511557044440267e-02
4.483278479464598010e-01 9.430100861223347786e-02
4.351722031610975039e-01 9.491318771194767745e-02
4.220582951396691929e-01 9.544046501083275347e-02
4.089955350297251324e-01 9.588181227336434187e-02
3.959297733912895412e-01 9.623355545338140027e-02
3.827906617568175296e-01 9.645320470830529014e-02
3.697299526146233251e-01 9.652710749956266989e-02
3.567577555947554768e-01 9.645611504477777376e-02
3.438841438672518014e-01 9.624142080597011817e-02
3.311191411551399622e-01 9.588455872203888175e-02
3.184727085297176519e-01 9.538740038202708771e-02
3.059547310467253811e-01 9.475215110517487549e-02
2.935750042859017195e-01 9.398134489906039002e-02
2.813432208595740835e-01 9.307783827296388368e-02
2.692689569583289200e-01 9.204480288990390946e-02
2.573616590033786511e-01 9.088571704751489955e-02
2.456306304759636461e-01 8.960435598498095455e-02
2.340850189939739923e-01 8.820478102053508351e-02
2.227338037049638730e-01 8.669132753149344506e-02
2.115857830628418979e-01 8.506859179633970147e-02
2.006495630528074836e-01 8.334141672592557115e-02
1.899335459255867831e-01 8.151487651833563830e-02
1.794459194977591210e-01 7.959426027930292802e-02
1.691946470700111671e-01 7.758505465718770755e-02
1.591874580095881675e-01 7.549292554838715752e-02
1.494318390371017491e-01 7.332369893556436868e-02
1.399350262512861487e-01 7.108334092722694286e-02
1.307039979183637346e-01 6.877793707289847625e-02
1.217454680454728294e-01 6.641367103337553202e-02
1.130658807502252783e-01 6.399680269031444990e-02
1.046714054309918207e-01 6.153364578361970177e-02
9.656793273505646924e-02 5.903054516879029101e-02
8.876107131442588505e-02 5.649385378950464581e-02
8.125614535192281218e-02 5.392990946328095336e-02
7.405819283331574465e-02 5.134501158003074162e-02
6.717196453471858952e-02 4.874539781472884969e-02
6.060192368841889332e-02 4.613722095625603925e-02
5.435224628471846398e-02 4.352652595473509300e-02
4.842682196236784697e-02 4.091922728938975073e-02
4.282925543579305105e-02 3.832108675811613657e-02
3.756286840359875090e-02 3.573769178858562934e-02
3.263070187982566178e-02 3.317443436881031826e-02
2.803551888716686313e-02 3.063649069271551922e-02
2.377980744983177255e-02 2.812880161339785523e-02
1.986578382299995088e-02 2.565605399342155146e-02
1.629539589582977566e-02 2.322266303774157825e-02
1.307032670577966404e-02 2.083275569066412453e-02
1.019199800354129645e-02 1.849015517368140377e-02
7.661573810161477482e-03 1.619836673607845737e-02
5.479963910906772775e-03 1.396056468492510617e-02
3.647827234066036706e-03 1.177958075546033968e-02
2.165575067153052962e-03 9.657893876981500300e-03
1.033374067803798264e-03 7.597621383182232187e-03
2.511490320144856708e-04 5.600511709478597257e-03
-1.814146118329873448e-04 3.667938613239525494e-03
-2.648686085232276563e-04 1.800896946029002712e-03
0.000000000000000000e+00 0.000000000000000000e+00
6.075436329659677191e-04 -1.715870586344926587e-03
1.551879857259154220e-03 -3.328109929835686414e-03
2.831517234857550483e-03 -4.836934215797024546e-03
4.444730563922911874e-03 -6.242728428910702433e-03
6.389563559036564450e-03 -7.546045075126387239e-03
8.663832170796192944e-03 -8.747602920285093078e-03
1.126512852513861067e-02 -9.848285738504230016e-03
1.419082545603283368e-02 -1.084914106067379203e-02
1.743808159878214650e-02 -1.175137891081859572e-02
2.100384700515202374e-02 -1.255637051560867280e-02
2.488486923597717226e-02 -1.326564696996725828e-02
2.907769988184651794e-02 -1.388089783954437294e-02
3.357870145798979439e-02 -1.440396967881450024e-02
3.838405461563139387e-02 -1.483686444172946199e-02
4.348976560888759973e-02 -1.518173776023123631e-02
4.889167395380038250e-02 -1.544089706451749408e-02
5.458546021434632078e-02 -1.561679951776912163e-02
6.056665384926425422e-02 -1.571204973711023967e-02
6.683064105331615323e-02 -1.572939727189024209e-02
7.337267252714239907e-02 -1.567173380996779095e-02
8.018787111118912125e-02 -1.554209008255308042e-02
8.727123922126020505e-02 -1.534363243833896176e-02
9.461766602606148935e-02 -1.507965905813552984e-02
1.022219343106266637e-01 -1.475359578202865146e-02
1.100787269737082547e-01 -1.436899152221961587e-02
1.181826331120372775e-01 -1.392951323617929588e-02
1.265281536497437909e-01 -1.343894043657349602e-02
1.351097064771328293e-01 -1.290115921658973458e-02
1.439216310693485212e-01 -1.232015577182384025e-02
1.529581925621662786e-01 -1.170000940276503740e-02
1.622135852691442282e-01 -1.104488498514830802e-02
1.716819356315535949e-01 -1.035902489901516926e-02
1.813573045998051747e-01 -9.646740411227240630e-03
1.912336894524033770e-01 -8.912402510394809574e-03
2.013050250656925610e-01 -8.160432197696125545e-03
2.115651846547193793e-01 -7.395290241845507706e-03
2.220079800123251623e-01 -6.621466411487378356e-03
2.326271612800089317e-01 -5.843468203517269977e-03
2.434164162900770978e-01 -5.065809091209794168e-03
2.543693695240362151e-01 -4.292996321528207149e-03
2.654795807370127769e-01 -3.529518296539357891e-03
2.767405433021243311e-01 -2.779831579409391962e-03
2.881456823321306704e-01 -2.048347570942105067e-03
2.996883526382979057e-01 -1.339418907977382722e-03
3.113618365881847816e-01 -6.573256401233226742e-04
3.231593419249819688e-01 -6.261246175358337052e-06
3.350739996110889685e-01 6.096814438900435840e-04
3.470988617578007474e-01 1.186524351347563455e-03
3.592268997013217668e-01 1.720418201963606897e-03
3.714510022828557134e-01 2.207656453369802318e-03
3.837639743872769404e-01 2.644689017466263226e-03
3.961585357909510607e-01 3.028135697004399884e-03
4.087689394781271468e-01 3.367832696677057480e-03
4.215072398200998549e-01 3.700093148677106869e-03
4.343016046188508117e-01 4.025473505413205977e-03
4.471436887858865616e-01 4.342030347069890384e-03
4.600250935834636623e-01 4.647912454497644952e-03
4.729373710662329033e-01 4.941368014616302762e-03
4.858720287314422515e-01 5.220751263836025113e-03
4.988205343718014051e-01 5.484528524755380441e-03
5.117743211231043921e-01 5.731283596728704854e-03
5.247247926968905407e-01 5.959722466556877096e-03
5.376633287868294309e-01 6.168677311488963977e-03
5.505812906361529091e-01 6.357109772855501495e-03
5.634700267523569117e-01 6.524113484927970830e-03
5.763208787545404110e-01 6.668915849937076534e-03
5.891251873381716520e-01 6.790879056525388202e-03
6.018742983417472159e-01 6.889500345181029384e-03
6.145595688997447237e-01 6.964411530341760304e-03
6.271723736664530646e-01 7.015377794802608868e-03
6.397041110956711574e-01 7.042295777748147634e-03
6.521462097618898612e-01 7.045190983106082439e-03
6.644901347093746802e-01 7.024214539928533285e-03
6.767273938165465630e-01 6.979639351105619560e-03
6.888495441641480088e-01 6.911855670861409562e-03
7.008481983968943840e-01 6.821366155138893633e-03
7.127150310695860025e-01 6.708780432118602310e-03
7.244417849699649192e-01 6.574809242716698338e-03
7.360202774119232183e-01 6.420258202949870319e-03
7.474424064939666490e-01 6.246021241534952667e-03
7.587001573190688131e-01 6.053073767003137179e-03
7.697856081732110667e-01 5.842465618959079982e-03
7.806909366609452450e-01 5.615313857915020523e-03
7.914084257972223702e-01 5.372795447395543877e-03
8.019304700554946708e-01 5.116139880762506781e-03
8.122495813726754443e-01 4.846621803482914492e-03
8.223583951119515234e-01 4.565553679383996949e-03
8.322496759846542691e-01 4.274278546852555705e-03
8.419163239324108927e-01 3.974162907974573833e-03
8.513513799706218244e-01 3.666589790330361531e-03
8.605480319939439182e-01 3.352952017595747097e-03
8.694996205439011749e-01 3.034645721312397709e-03
8.781996445380263472e-01 2.713064122221751223e-03
8.866417669590560546e-01 2.389591605464617616e-03
8.948198205016877349e-01 2.065598109780424421e-03
9.027278131732677791e-01 1.742433846650699031e-03
9.103599338435641730e-01 1.421424361166722522e-03
9.177105577374797818e-01 1.103865942314074741e-03
9.247742518632309228e-01 7.910213864006365725e-04
9.315457803671787218e-01 4.841161135519557457e-04
9.380201098051687003e-01 1.843346336054801221e-04
9.441924143189540652e-01 -1.071826456200478117e-04
9.500580807050743593e-01 -3.893422777772681878e-04
9.556127133624416903e-01 -6.611003180342391039e-04
9.608521391039054338e-01 -9.214645590179927973e-04
9.657724118162231974e-01 -1.169496480055724243e-03
9.703698169521887129e-01 -1.404312928834739599e-03
9.746408758381706061e-01 -1.625087555945976640e-03
9.785823497800264503e-01 -1.831052023739531288e-03
9.821912439502601400e-01 -2.021497011494680779e-03
9.854648110394200744e-01 -2.195773039101402060e-03
9.884005546550773680e-01 -2.353291131268913684e-03
9.909962324522870736e-01 -2.493523343734321916e-03
9.932498589802082334e-01 -2.616003172052410071e-03
9.951597082305428943e-01 -2.720325862333094688e-03
9.967243158746307286e-01 -2.806148641773220567e-03
9.979424811773947024e-01 -2.873190885036313192e-03
9.988132685778522424e-01 -2.921234230493958105e-03
9.993360089275791225e-01 -2.950122658093345344e-03
9.995103003802886521e-01 -2.959762538186883410e-03
