# NACA 4-digit  m=0.031787 p=0.400 t/c=0.025029  unit chord, x y
1.000316104161811825e+00 2.983299877465426728e-03
1.000145170346685042e+00 3.006115073676837376e-03
9.996324836456962348e-01 3.074507199705454191e-03
9.987783882285748982e-01 3.188316031696911221e-03
9.975834574999362658e-01 3.347275075589536183e-03
9.960484937814785278e-01 3.551012382703000025e-03
9.941745278662549312e-01 3.799051685679951957e-03
9.919628184442471630e-01 4.090813848957202715e-03
9.894148513982655713e-01 4.425618626365041518e-03
9.865323389690328071e-01 4.802686716937268688e-03
9.833172187881683568e-01 5.221142108572848425e-03
9.797716527776656470e-01 5.680014697837475895e-03
9.758980259143786862e-01 6.178243172936075112e-03
9.716989448579858024e-01 6.714678145740683377e-03
9.671772364408826039e-01 7.288085517725831526e-03
9.623359460184893743e-01 7.897150063757973210e-03
9.571783356785186214e-01 8.540479216909032528e-03
9.517078823078591876e-01 9.216607036825013449e-03
9.459282755158678890e-01 9.923998343680108525e-03
9.398434154130457241e-01 1.066105299938899936e-02
9.334574102442856347e-01 1.142611031753412894e-02
9.267745738761216101e-01 1.221745358339203051e-02
9.197994231376845908e-01 1.303331466550882410e-02
9.125366750153701689e-01 1.387187870047810676e-02
9.049912437015337208e-01 1.473128883290905980e-02
8.971682374978688923e-01 1.560965099303197358e-02
8.890729555744700807e-01 1.650503869496532452e-02
8.807108845859211721e-01 1.741549783935493478e-02
8.720876951461177251e-01 1.833905150487985525e-02
8.632092381638648559e-01 1.927370471399300275e-02
8.540815410416343623e-01 2.021744915921355398e-02
8.447108037401904745e-01 2.116826787730079554e-02
8.351033947120928280e-01 2.212413985970327485e-02
8.252658467073702431e-01 2.308304458877745435e-02
8.152048524549055930e-01 2.404296649039504297e-02
8.049272602233076279e-01 2.500189929469091160e-02
7.944400692652223706e-01 2.595785029783344647e-02
7.837504251491999030e-01 2.690884451880980188e-02
7.728656149833497135e-01 2.785292874629744647e-02
7.617930625350971541e-01 2.878817547172833613e-02
7.505403232513965239e-01 2.971268670563005296e-02
7.391150791837699519e-01 3.062459767523761228e-02
7.275251338225013908e-01 3.152208040220166874e-02
7.157784068442659686e-01 3.240334715996166792e-02
7.038829287773773480e-01 3.326665381100047530e-02
6.918468355887140708e-01 3.411030302474211962e-02
6.796783631962564076e-01 3.493264737729071673e-02
6.673858419109889306e-01 3.573209233453437245e-02
6.549776908117661556e-01 3.650709912034826032e-02
6.424624120565460839e-01 3.725618747172736167e-02
6.298485851332163987e-01 3.797793828266131377e-02
6.171448610530508860e-01 3.867099613843407585e-02
6.043599564896656728e-01 3.933407174179434640e-02
5.915026478661730147e-01 3.996594423210324959e-02
5.785817653930945825e-01 4.056546339813225238e-02
5.656061870594719654e-01 4.113155178466390560e-02
5.525848325795197358e-01 4.166320669245091035e-02
5.395266572971028074e-01 4.215950207042666598e-02
5.264406460502984997e-01 4.261959029834375134e-02
5.133358069983094962e-01 4.304270385725963988e-02
5.002211654130451768e-01 4.342815688450441663e-02
4.871057574377854471e-01 4.377534660896759133e-02
4.739986238154669240e-01 4.408375466174501572e-02
4.609088035893098567e-01 4.435294825640719724e-02
4.478453277787158848e-01 4.458258123240126797e-02
4.348172130336179220e-01 4.477239495439628431e-02
4.218334552707474483e-01 4.492221905973788759e-02
4.089030232956031297e-01 4.503197204561001227e-02
3.960232247139017780e-01 4.509992129488298029e-02
3.831884895721805462e-01 4.510028291542154261e-02
3.704337776897975720e-01 4.502513135290481250e-02
3.577680164290509834e-01 4.487550031879596057e-02
3.452000760417039960e-01 4.465260598425249694e-02
3.327387626836996182e-01 4.435784368303248570e-02
3.203928114268295158e-01 4.399278412715230263e-02
3.081708792785810003e-01 4.355916913457285461e-02
2.960815382221453906e-01 4.305890686962624003e-02
2.841332682892396266e-01 4.249406659845989670e-02
2.723344506789656672e-01 4.186687296346155995e-02
2.606933609363997206e-01 4.117969978242785878e-02
2.492181622049426670e-01 4.043506338013828222e-02
2.379168985666789693e-01 3.963561546198413055e-02
2.267974884850716966e-01 3.878413554136279223e-02
2.158677183642571384e-01 3.788352293466624304e-02
2.051352362389979589e-01 3.693678833985168664e-02
1.946075456090076428e-01 3.594704501676559971e-02
1.842919994308692411e-01 3.491749958957994504e-02
1.741957942801440895e-01 3.385144249387414539e-02
1.643259646955120279e-01 3.275223809303898226e-02
1.546893777159051298e-01 3.162331449077051410e-02
1.452927276206053830e-01 3.046815306844485524e-02
1.361425308811875512e-01 2.929027777810052149e-02
1.272451213330106912e-01 2.809324422358651721e-02
1.186066455727128460e-01 2.688062856414492191e-02
1.102330585868587093e-01 2.565601627627125264e-02
1.021301196155474378e-01 2.442299081111910797e-02
9.430338825341998132e-02 2.318512218597527930e-02
8.675822078913693336e-02 2.194595554941459331e-02
7.949976678304188082e-02 2.070899976064104892e-02
7.253296588139748757e-02 1.947771602422240095e-02
6.586254486430594135e-02 1.825550662192353818e-02
5.949301492321005386e-02 1.704570378363202965e-02
5.342866916273811967e-02 1.585155873944379262e-02
4.767358032061504158e-02 1.467623099483398967e-02
4.223159869842762343e-02 1.352277787047703912e-02
3.710635029521754114e-02 1.239414434770002953e-02
3.230123513518713685e-02 1.129315325975709453e-02
2.781942578025086224e-02 1.022249586810148464e-02
2.366386601775664900e-02 9.184722861611840233e-03
1.983726971343657483e-02 8.182235815304339174e-03
1.634211981953322471e-02 7.217279143441368214e-03
1.318066752807976229e-02 6.291932580136127585e-03
1.035493155949459079e-02 5.408104218562906004e-03
7.866697576975660577e-03 4.567524137723253698e-03
5.717517717639609282e-03 3.771738643400116345e-03
3.908710231946431815e-03 3.022105147469806522e-03
2.441359223660774513e-03 2.319787707144696336e-03
1.316314483427155580e-03 1.665753243005651260e-03
5.341914099567179278e-04 1.060768451863464959e-03
9.537101383035560820e-05 5.053974275802523321e-04
0.000000000000000000e+00 0.000000000000000000e+00
2.473040106123845089e-04 -4.509454080834547911e-04
8.362738354694488393e-04 -8.431376116977602492e-04
1.766351783444880573e-03 -1.176747989484822543e-03
3.036745408065935625e-03 -1.452096113194401928e-03
4.646428394243186030e-03 -1.669648890843314620e-03
6.594141687222620368e-03 -1.830019430578866402e-03
8.878394859069722866e-03 -1.933965624824619508e-03
1.149746770669972037e-02 -1.982388454037992825e-03
1.444941207424368067e-02 -1.976330009199721814e-03
1.773205389139846308e-02 -1.916971231993437001e-03
2.134299541837037309e-02 -1.805629371527413003e-03
2.527961768708981982e-02 -1.643755156406908908e-03
2.953908312757070817e-02 -1.432929680991544726e-03
3.411833836761112015e-02 -1.174861004773836842e-03
3.901411719349572038e-02 -8.713804639982128397e-04
4.422294365897150997e-02 -5.244386949090993483e-04
4.974113532952433026e-02 -1.361013683764660670e-04
5.556480664889398152e-02 2.914553638992982074e-04
6.168987241482456335e-02 7.559497108516489289e-04
6.811205135125535104e-02 1.254999369782554969e-03
7.482686976451022320e-02 1.786126938223145735e-03
8.182966527153406888e-02 2.346765606932846651e-03
8.911559058884736817e-02 2.934265130110013178e-03
9.667961737163256741e-02 3.545898067854390961e-03
1.045165400932172861e-01 4.178866294798962849e-03
1.126209799561703889e-01 4.830307767621963219e-03
1.209873888272562231e-01 5.497303542863677880e-03
1.296100531895949537e-01 6.176885035116135708e-03
1.384830981065247046e-01 6.866041504233751785e-03
1.476004911928470442e-01 7.561727758740307420e-03
1.569560465903408475e-01 8.260872061092376650e-03
1.665434289456297345e-01 8.960384218913385740e-03
1.763561573896722523e-01 9.657163844748479359e-03
1.863876095192932569e-01 1.034810876532254141e-02
1.966310253822717014e-01 1.103012355972557423e-02
2.070795114685289040e-01 1.170012820441702038e-02
2.177260447109099217e-01 1.235506680144941860e-02
2.285634764999011082e-01 1.299191636487663504e-02
2.395845367173721208e-01 1.360769563895166019e-02
2.507818377950572497e-01 1.419947392044705083e-02
2.621478788039917074e-01 1.476437985626674783e-02
2.736750495814875839e-01 1.529961018647433071e-02
2.853556349024651273e-01 1.580243840195767052e-02
2.971818187020542346e-01 1.627022328519658542e-02
3.091456883563291624e-01 1.670041730201218821e-02
3.212392390278701049e-01 1.709057481176799731e-02
3.334543780825293124e-01 1.743836006327311242e-02
3.457829295833485528e-01 1.774155494361735058e-02
3.582166388670262602e-01 1.799806644735539238e-02
3.707471772076814664e-01 1.820593383385599173e-02
3.833661465719139239e-01 1.836333544124999634e-02
3.960650844683388239e-01 1.846859512624479671e-02
4.088614512122491496e-01 1.852882984029114583e-02
4.217320796890215995e-01 1.856872217170294631e-02
4.346565947463303936e-01 1.858924877129353864e-02
4.476262089536304778e-01 1.858974203996977687e-02
4.606321006828451026e-01 1.856960679019580701e-02
4.736654199415891164e-01 1.852832264436162640e-02
4.867172942543412373e-01 1.846544614822925867e-02
4.997788345869547122e-01 1.838061258686485289e-02
5.128411413095635973e-01 1.827353749226560270e-02
5.258953101926450158e-01 1.814401783377215388e-02
5.389324384307420113e-01 1.799193288430522841e-02
5.519436306881335685e-01 1.781724475745907407e-02
5.649200051605793860e-01 1.761999861250888866e-02
5.778526996471361477e-01 1.740032252642365745e-02
5.907328776259742620e-01 1.715842703400479591e-02
6.035517343280935032e-01 1.689460433927237465e-02
6.163005028028544219e-01 1.660922720318231544e-02
6.289704599693043408e-01 1.630274751465771166e-02
6.415529326473763394e-01 1.597569455374290778e-02
6.540393035631812957e-01 1.562867295742339721e-02
6.664210173227819167e-01 1.526236040028373236e-02
6.786895863490436387e-01 1.487750500368777325e-02
6.908365967763755444e-01 1.447492248854826725e-02
7.028537142984228048e-01 1.405549308799678571e-02
7.147326899640288334e-01 1.362015823736114836e-02
7.264653659170453581e-01 1.316991705980050456e-02
7.380436810758381760e-01 1.270582266673137874e-02
7.494596767486032540e-01 1.222897829279911627e-02
7.607055021808516448e-01 1.174053328560687066e-02
7.717734200316770377e-01 1.124167897070728860e-02
7.826558117756327038e-01 1.073364441249423373e-02
7.933451830272505445e-01 1.021769209160527589e-02
8.038341687854128059e-01 9.695113519265267932e-03
8.141155385949316869e-01 9.167224808675362643e-03
8.241822016228131931e-01 8.635362223085592259e-03
8.340272116467649655e-01 8.100877719594553467e-03
8.436437719535634372e-01 7.565134507004395333e-03
8.530252401449130994e-01 7.029502635237765140e-03
8.621651328484226662e-01 6.495354632903622798e-03
8.710571303312762970e-01 5.964061208598458487e-03
8.796950810141098698e-01 5.436987030457592941e-03
8.880730058825005990e-01 4.915486597344535108e-03
8.961851027933660507e-01 4.400900213897216903e-03
9.040257506734137305e-01 3.894550080453521544e-03
9.115895136066453075e-01 3.397736507667214849e-03
9.188711448077394595e-01 2.911734264414425274e-03
9.258655904779705681e-01 2.437789066392737763e-03
9.325679935401527398e-01 1.977114211641097311e-03
9.389736972489195477e-01 1.530887368074465744e-03
9.450782486724998988e-01 1.100247517038730784e-03
9.508774020420011075e-01 6.862920558638298599e-04
9.563671219640821342e-01 2.900740614317186272e-04
9.615435864927973642e-01 -8.740028410861343591e-05
9.664031900563190280e-01 -4.451741051497660681e-04
9.709425462341925162e-01 -7.823420823429056044e-04
9.751584903807749560e-01 -1.098052541229306133e-03
9.790480820905274051e-01 -1.391509381319748755e-03
9.826086075008998444e-01 -1.661973847584086866e-03
9.858375814286437500e-01 -1.908766146645508128e-03
9.887327493355401176e-01 -2.131266910210176044e-03
9.912920891197073425e-01 -2.328918508404983177e-03
9.935138127288828391e-01 -2.501226215747564836e-03
9.953963675923319654e-01 -2.647759232438803411e-03
9.969384378683370240e-01 -2.768151563554371083e-03
9.981389455045531767e-01 -2.862102758524733091e-03
9.989970511088774874e-01 -2.929378513040837087e-03
9.995121546288721071e-01 -2.969811135214476053e-03
9.996838958381881746e-01 -2.983299877465426728e-03
