# NACA 4-digit  m=0.045628 p=0.400 t/c=0.065020  unit chord, x y
1.000451093896958188e+00 2.965891821379709921e-03
1.000281581391210706e+00 3.004797311984893672e-03
9.997731507961210573e-01 3.121425645499813911e-03
9.989261228608293797e-01 3.315512693156691393e-03
9.977410321089554834e-01 3.586619192359512525e-03
9.962186267492306735e-01 3.934132168551250988e-03
9.943598685465154796e-01 4.357266913573519182e-03
9.921659326494205455e-01 4.855069508401196193e-03
9.896382073697631565e-01 5.426419874870026284e-03
9.867782939082007099e-01 6.070035337894926115e-03
9.835880060195770769e-01 6.784474676727970943e-03
9.800693696108149222e-01 7.568142641061813801e-03
9.762246222636081772e-01 8.419294905262452583e-03
9.720562126737102293e-01 9.336043431748786495e-03
9.675667999982883183e-01 1.031636221253500775e-02
9.627592531026292200e-01 1.135809335624340249e-02
9.576366496974328957e-01 1.245895348648618471e-02
9.522022753580279275e-01 1.361654041642388659e-02
9.464596224170672700e-01 1.482834006353745022e-02
9.404123887226297773e-01 1.609173356821207157e-02
9.340644762541452373e-01 1.740400457961916933e-02
9.274199895891567236e-01 1.876234667260250760e-02
9.204832342146537227e-01 2.016387085981449084e-02
9.132587146775063003e-01 2.160561316420413908e-02
9.057511325694134197e-01 2.308454221811574031e-02
8.979653843427117810e-01 2.459756685669979570e-02
8.899065589543885268e-01 2.614154367504837456e-02
8.815799353366376989e-01 2.771328452042328555e-02
8.729909796933280619e-01 2.930956389312113636e-02
8.641453426227572177e-01 3.092712623188972193e-02
8.550488560680381545e-01 3.256269306234369637e-02
8.457075300974086218e-01 3.421296998949259482e-02
8.361275495176169192e-01 3.587465351825948334e-02
8.263152703243314967e-01 3.754443768869657888e-02
8.162772159942206507e-01 3.921902051546308221e-02
8.060200736239516717e-01 4.089511022397961104e-02
7.955506899218315331e-01 4.256943127848221431e-02
7.848760670581790277e-01 4.423873019992823064e-02
7.740033583807511830e-01 4.589978117432004512e-02
7.629398640016511468e-01 4.754939145448235094e-02
7.516930262621190906e-01 4.918440656061720540e-02
7.402704250814597930e-01 5.080171528704056916e-02
7.286797731960835689e-01 5.239825452434887509e-02
7.169289112942553999e-01 5.397101390784607433e-02
7.050258030516561858e-01 5.551704030436319104e-02
6.929785300722760555e-01 5.703344215060338757e-02
6.807952867385166362e-01 5.851739365683256838e-02
6.684843749736482099e-01 5.996613889010052323e-02
6.560541989190266099e-01 6.137699575121133289e-02
6.435132595276912282e-01 6.274735985936744087e-02
6.308701490751861263e-01 6.407470835778868168e-02
6.181335455876886265e-01 6.535660365266619809e-02
6.053122071868108911e-01 6.659069709656198488e-02
5.924149663497739748e-01 6.777473262582534019e-02
5.794507240830767403e-01 6.890655035978721088e-02
5.664284440072950844e-01 6.998409016743879774e-02
5.533571463502771071e-01 7.100539520502734125e-02
5.402459018457541617e-01 7.196861542554441882e-02
5.271038255342902490e-01 7.287201105847222748e-02
5.139400704635379569e-01 7.371395605542979679e-02
5.007638212849757631e-01 7.449294149456303638e-02
4.875842877446744383e-01 7.520757893368965052e-02
4.744106980661654260e-01 7.585660369938490577e-02
4.612522922241830137e-01 7.643887809641980446e-02
4.481183151088968808e-01 7.695339451927923902e-02
4.350180095812473113e-01 7.739927844493939280e-02
4.219606094211260094e-01 7.777579128370781802e-02
4.089553321713971790e-01 7.808233306276834984e-02
3.959703936464964991e-01 7.831589889869788879e-02
3.829636203210772805e-01 7.843830594661493905e-02
3.700360034317371483e-01 7.843750070531747831e-02
3.571971319180332061e-01 7.831455737849382648e-02
3.444565492441974408e-01 7.807084220589458057e-02
3.318237431068771226e-01 7.770801053926543189e-02
3.193081350159246989e-01 7.722800306584157171e-02
3.069190697849057403e-01 7.663304116059466153e-02
2.946658049705982996e-01 7.592562135200271733e-02
2.825575003029417442e-01 7.510850889007392173e-02
2.706032071486288437e-01 7.418473040965409271e-02
2.588118580527736246e-01 7.315756568664583126e-02
2.471922564038158965e-01 7.203053848961349370e-02
2.357530662670037913e-01 7.080740653429812292e-02
2.245028024314492665e-01 6.949215055376357919e-02
2.134498207148425031e-01 6.808896250219047264e-02
2.026023085684772185e-01 6.660223291567293757e-02
1.919682760232822027e-01 6.503653745870399683e-02
1.815555470151043183e-01 6.339662269030654773e-02
1.713717511245738123e-01 6.168739108892902501e-02
1.614243157635501524e-01 5.991388538023377508e-02
1.517204588364328977e-01 5.808127221671311596e-02
1.422671819005822402e-01 5.619482526263942790e-02
1.330712638457806074e-01 5.425990774214750623e-02
1.241392551081383633e-01 5.228195451223241474e-02
1.154774724291614957e-01 5.026645372609132856e-02
1.070919941659211477e-01 4.821892815551979961e-02
9.898865615345424362e-02 4.614491624397014380e-02
9.117304811574096501e-02 4.404995296437311247e-02
8.365051061691393397e-02 4.193955055790275777e-02
7.642613253981067611e-02 3.981917923151545580e-02
6.950474907463796703e-02 3.769424789331202175e-02
6.289094019643583222e-02 3.557008500555318420e-02
5.658902960624856426e-02 3.345191963550220304e-02
5.060308410748154406e-02 3.134486278417682875e-02
4.493691338588295947e-02 2.925388907257029866e-02
3.959407015897090099e-02 2.718381886395482283e-02
3.457785065856299606e-02 2.513930089952071123e-02
2.989129540837455121e-02 2.312479552284009768e-02
2.553719025745323362e-02 2.114455856648941173e-02
2.151806762952447258e-02 1.920262597163379520e-02
1.783620794813484123e-02 1.730279920848472666e-02
1.449364119780384777e-02 1.544863156230743065e-02
1.149214858221543449e-02 1.364341534609288253e-02
8.833264241793590751e-03 1.189017009714281314e-02
6.518276994788253439e-03 1.019163181066261130e-02
4.548232068225027333e-03 8.550243259036825749e-03
2.923932787723139935e-03 6.968145440800631481e-03
1.645942198216869415e-03 5.447170198433887688e-03
7.145845909998064811e-04 3.988834039022190990e-03
1.299469161986989722e-04 2.594333186568527003e-03
-1.081199362647185312e-04 1.264539889327996949e-03
0.000000000000000000e+00 0.000000000000000000e+00
4.507949607074586483e-04 -1.186378488771258795e-03
1.240518329227467687e-03 -2.281941994673586556e-03
2.368081675872229890e-03 -3.286907171148379259e-03
3.832162433509840940e-03 -4.201670199330047491e-03
5.631205838466477910e-03 -5.026805593600529483e-03
7.763427336637202317e-03 -5.763064848308425275e-03
1.022681544125713000e-02 -6.411374921781126321e-03
1.301913502440072042e-02 -6.972836552143403532e-03
1.613793102010800673e-02 -7.448722397918796506e-03
1.958053251312784002e-02 -7.840474994944581638e-03
2.334405718367210669e-02 -8.149704519792078106e-03
2.742541607532199624e-02 -8.378186348662343061e-03
3.182131865036833679e-02 -8.527858399637629552e-03
3.652827809442370233e-02 -8.600818245222314334e-03
4.154261683015026546e-02 -8.599319981316152703e-03
4.686047219842823242e-02 -8.525770838139004604e-03
5.247780226425641237e-02 -8.382727518180536214e-03
5.839039170415055713e-02 -8.172892245991729768e-03
6.459385773178605294e-02 -7.899108514577131077e-03
7.108365601912546017e-02 -7.564356513296479484e-03
7.785508657126974374e-02 -7.171748222550834023e-03
8.490329951476527359e-02 -6.724522161117921226e-03
9.222330076107036756e-02 -6.226037772821661070e-03
9.980995750931158372e-02 -5.679769440275511672e-03
1.076580035553104803e-01 -5.089300114733106423e-03
1.157620443771079505e-01 -4.458314552613900500e-03
1.241165619708075735e-01 -3.790592151047062625e-03
1.327159194144672816e-01 -3.089999376790893149e-03
1.415543651419316484e-01 -2.360481785134978944e-03
1.506260369128701870e-01 -1.606055627870309893e-03
1.599249654698130796e-01 -8.307990521104965942e-04
1.694450778775916100e-01 -3.884289465266171915e-05
1.791802005452425295e-01 7.656389203349080186e-04
1.891240619350581798e-01 1.578439369238352624e-03
1.992702949679971414e-01 2.395328688050916977e-03
2.096124391390496444e-01 3.212065084510704049e-03
2.201439423603245571e-01 4.024405781627035661e-03
2.308581625535235382e-01 4.828118367172506975e-03
2.417483690170472987e-01 5.618992419959577267e-03
2.528077435961839647e-01 6.392851379962462277e-03
2.640293816876178035e-01 7.145564625632816469e-03
2.754062931118244073e-01 7.873059718128967710e-03
2.869314028887630097e-01 8.571334768681666827e-03
2.985975519536013256e-01 9.236470881999553351e-03
3.103974978500044224e-01 9.864644625518698140e-03
3.223239154387749217e-01 1.045214047147492026e-02
3.343693976593518080e-01 1.099536315626604283e-02
3.465264563808551079e-01 1.149084989942093099e-02
3.587875233780440376e-01 1.193528242274623924e-02
3.711449514657418902e-01 1.232549870891545829e-02
3.835910158230171896e-01 1.265850443793838792e-02
3.961179155357441029e-01 1.293148403962589982e-02
4.088091423364551003e-01 1.315397629401465068e-02
4.216049255386430383e-01 1.336023884290358371e-02
4.344557981987010042e-01 1.355115573442551569e-02
4.473532216234494818e-01 1.372528570270852011e-02
4.602886120479719456e-01 1.388128035684367545e-02
4.732533456908906144e-01 1.401788946426860832e-02
4.862387639474522461e-01 1.413396576237630278e-02
4.992361787150240704e-01 1.422846926697742681e-02
5.122368778443351367e-01 1.430047105017532433e-02
5.252321307086532665e-01 1.434915646436515924e-02
5.382131938820906569e-01 1.437382779340526731e-02
5.511713169173761973e-01 1.437390631647926867e-02
5.640977482127562670e-01 1.434893377472898704e-02
5.769837409571539899e-01 1.429857323534065514e-02
5.898205591423733019e-01 1.422260935236685161e-02
6.025994836309482849e-01 1.412094802811176761e-02
6.153118182682166815e-01 1.399361548335946795e-02
6.279488960273346132e-01 1.384075674903299455e-02
6.405020851762311951e-01 1.366263359599952446e-02
6.529627954559208414e-01 1.345962192364237239e-02
6.653224842601226374e-01 1.323220863146727308e-02
6.775726628067834101e-01 1.298098800136831404e-02
6.897049022928135598e-01 1.270665762121656744e-02
7.017108400241439670e-01 1.241001388312869616e-02
7.135821855140394021e-01 1.209194709210205387e-02
7.253107265434631801e-01 1.175343622265312762e-02
7.368883351781483348e-01 1.139554336265302323e-02
7.483069737378806874e-01 1.101940788471384922e-02
7.595587007142976521e-01 1.062624038623873057e-02
7.706356766342755682e-01 1.021731643960900257e-02
7.815301698666535790e-01 9.793970193952949987e-03
7.922345623706413820e-01 9.357587869530756969e-03
8.027413553847687622e-01 8.909601184995858542e-03
8.130431750556166293e-01 8.451480756674425304e-03
8.231327780058519394e-01 7.984729507561514825e-03
8.330030568412408742e-01 7.510876121993640547e-03
8.426470455963452899e-01 7.031468579947379102e-03
8.520579251185093073e-01 6.548067802668788503e-03
8.612290283895303045e-01 6.062241438883305897e-03
8.701538457840659602e-01 5.575557818213248973e-03
8.788260302633933430e-01 5.089580095668058343e-03
8.872394025025821529e-01 4.605860608211309257e-03
8.953879559485231621e-01 4.125935461481424968e-03
9.032658618055340316e-01 3.651319361788281717e-03
9.108674739445091761e-01 3.183500705557302385e-03
9.181873337307703276e-01 2.723936935483494207e-03
9.252201747649354546e-01 2.274050169821101308e-03
9.319609275302931373e-01 1.835223108499476306e-03
9.384047239393354944e-01 1.408795217156897511e-03
9.445469017713005178e-01 9.960591877388996068e-04
9.503830089918323676e-01 5.982576720498442024e-04
9.559088079451678599e-01 2.165802825892099159e-04
9.611202794086575185e-01 -1.478391468293363195e-04
9.660136264989133137e-01 -4.939250497758007619e-04
9.705852784184680893e-01 -8.206623756671603542e-04
9.748318940315454650e-01 -1.127098609535082552e-03
9.787503652573781299e-01 -1.412345575468001123e-03
9.823378202694911243e-01 -1.675581036661363387e-03
9.855916264894758472e-01 -1.916050105313029002e-03
9.885093933640425323e-01 -2.133066475645467759e-03
9.910889749145339600e-01 -2.326013493131608070e-03
9.933284720486222907e-01 -2.494345072555516091e-03
9.952262346245798197e-01 -2.637586476869647860e-03
9.967808632593178064e-01 -2.755334967930192936e-03
9.979912108722986952e-01 -2.847260339121689826e-03
9.988563839584526649e-01 -2.913105338640789056e-03
9.993757435843463321e-01 -2.952685990822404190e-03
9.995489061030418121e-01 -2.965891821379709921e-03
