# NACA 4-digit  m=0.035986 p=0.400 t/c=0.028481  unit chord, x y
1.000357303210364757e+00 2.978646406652358646e-03
1.000186507613752163e+00 3.004566029761947428e-03
9.996742347625690028e-01 3.082264342026244924e-03
9.988208264141841264e-01 3.211559857465984182e-03
9.976268519687376823e-01 3.392150715877030858e-03
9.960931081753612304e-01 3.623615604145605240e-03
9.942206187197569767e-01 3.905415039466375235e-03
9.920106336920427870e-01 4.236893007906277452e-03
9.894646289334831923e-01 4.617278949979506351e-03
9.865843052604867935e-01 5.045690083191199833e-03
9.833715875640314241e-01 5.521134049882515243e-03
9.798286237825022393e-01 6.042511877184858146e-03
9.759577837457901195e-01 6.608621234472852879e-03
9.717616578884106238e-01 7.218159972411651235e-03
9.672430558293544367e-01 7.869729926528203773e-03
9.624050048163872439e-01 8.561840967212602793e-03
9.572507480325718188e-01 9.292915277176776873e-03
9.517837427628876856e-01 1.006129183667360365e-02
9.460076584189756055e-01 1.086523109621091721e-02
9.399263744202306370e-01 1.170291981608711541e-02
9.335439779297177720e-01 1.257247605182685614e-02
9.268647614436564819e-01 1.347195426450869052e-02
9.198932202335481367e-01 1.439935053504616883e-02
9.126340496403709812e-01 1.535260786170861841e-02
9.050921422206412714e-01 1.632962152054081434e-02
8.972725847445397473e-01 1.732824446885529793e-02
8.891806550467195036e-01 1.834629277261854569e-02
8.808218187308233249e-01 1.938155103932392292e-02
8.722017257291697634e-01 2.043177783882717605e-02
8.633262067194814593e-01 2.149471109560440948e-02
8.542012694009299967e-01 2.256807343696307436e-02
8.448330946321708224e-01 2.364957748287984524e-02
8.352280324343955842e-01 2.473693106434150454e-02
8.253925978627704163e-01 2.582784235830895558e-02
8.153334667499281263e-01 2.692002492869744953e-02
8.050574713254491366e-01 2.801120266404781567e-02
7.945715957154818598e-01 2.909911460384355039e-02
7.838829713268358201e-01 3.018151964668663173e-02
7.729988721200099500e-01 3.125620113476784007e-02
7.619267097757025375e-01 3.232097131024070508e-02
7.506740287593862693e-01 3.337367564021710697e-02
7.392485012885242623e-01 3.441219700813363119e-02
7.276579222069459174e-01 3.543445977018136461e-02
7.159102037708084953e-01 3.643843367633338437e-02
7.040133703504397600e-01 3.742213765623855076e-02
6.919755530521809472e-01 3.838364347086651446e-02
6.798049842641655793e-01 3.932107923128150273e-02
6.675099921297419359e-01 4.023263278628917694e-02
6.550989949520155120e-01 4.111655498093458316e-02
6.425804955327433232e-01 4.197116278793384253e-02
6.299630754485624484e-01 4.279484231409504125e-02
6.172553892672894005e-01 4.358605168362933435e-02
6.044661587067978736e-01 4.434332379997621421e-02
5.916041667387628156e-01 4.506526898737217568e-02
5.786782516393694786e-01 4.575057751289002272e-02
5.656973009889268988e-01 4.639802198907418129e-02
5.526702456222016835e-01 4.700645965660854575e-02
5.396060535312048323e-01 4.757483454568957326e-02
5.265137237221312327e-01 4.810217951395168168e-02
5.134022800281643484e-01 4.858761815792129318e-02
5.002807648799225682e-01 4.903036659407296327e-02
4.871582330354487511e-01 4.942973510464550302e-02
4.740437452718121447e-01 4.978512964246187972e-02
4.609463620406227813e-01 5.009605318810273628e-02
4.478751370900371787e-01 5.036210695192617354e-02
4.348391110561615758e-01 5.058299141262249943e-02
4.218473050271319136e-01 5.075850718325877059e-02
4.089087140835660494e-01 5.088855569512040072e-02
3.960174836389271369e-01 5.097116529273818669e-02
3.831640798903091505e-01 5.097707886029738400e-02
3.703906438966761416e-01 5.089729813445834083e-02
3.577061723844476848e-01 5.073298922596251870e-02
3.451196061049872643e-01 5.048552588709975114e-02
3.326398225078534554e-01 5.015648578271472702e-02
3.202756283980260354e-01 4.974764619982480207e-02
3.080357525909007688e-01 4.926097919496513766e-02
2.959288385798082288e-01 4.869864618012532953e-02
2.839634372316480193e-01 4.806299195003937985e-02
2.721479995269371899e-01 4.735653815562442664e-02
2.604908693611329706e-01 4.658197623052296593e-02
2.490002764244845235e-01 4.574215977997077992e-02
2.376843291778936718e-01 4.484009644357223046e-02
2.265510079423168344e-01 4.387893924599925444e-02
2.156081581191008067e-01 4.286197745211762361e-02
2.048634835583259539e-01 4.179262694556597213e-02
1.943245400917279486e-01 4.067442015234720709e-02
1.839987292460847912e-01 3.951099553351675175e-02
1.738932921520998931e-01 3.830608667354581942e-02
1.640153036627938765e-01 3.706351099337949762e-02
1.543716666942483162e-01 3.578715811957657728e-02
1.449691068002366134e-01 3.448097794319145148e-02
1.358141669908530802e-01 3.314896840421680674e-02
1.269132028037205928e-01 3.179516303943204225e-02
1.182723776347474470e-01 3.042361833337704421e-02
1.098976583337306634e-01 2.903840091387967920e-02
1.017948110683913748e-01 2.764357463509160839e-02
9.396939745869567484e-02 2.624318759231856688e-02
8.642677098158955962e-02 2.484125911405608150e-02
7.917207364457767849e-02 2.344176677754969754e-02
7.221023292492244339e-02 2.204863349488145677e-02
6.554595896966088076e-02 2.066571471703571722e-02
5.918374205014240858e-02 1.929678580361172957e-02
5.312785026340770267e-02 1.794552960582502729e-02
4.738232747146914337e-02 1.661552431017258163e-02
4.195099146843401378e-02 1.531023158962804137e-02
3.683743236444788488e-02 1.403298510848489250e-02
3.204501117463535997e-02 1.278697942598004678e-02
2.757685860058957383e-02 1.157525934261213578e-02
2.343587399151854378e-02 1.040070973162482773e-02
1.962472447189636884e-02 9.266045896461228698e-03
1.614584422239739511e-02 8.173804493121196446e-03
1.300143390100470635e-02 7.126335054276414227e-03
1.019346019148532553e-02 6.125792149731301706e-03
7.723655466902455344e-03 5.174128215371291174e-03
5.593517556482225858e-03 4.273087080125632757e-03
3.804309604966115040e-03 3.424198217705800261e-03
2.357060014537231026e-03 2.628771746972424685e-03
1.252562460507136146e-03 1.887894201752760752e-03
4.913759731647771196e-04 1.202425087788308328e-03
7.382507950999822740e-05 5.729942412568038781e-04
0.000000000000000000e+00 0.000000000000000000e+00
2.688499449327419032e-04 -5.113491280080003851e-04
8.790892722613896475e-04 -9.560452856721325275e-04
1.830103806364900007e-03 -1.334291516101693753e-03
3.121044617189479113e-03 -1.646458380665659967e-03
4.750829021223502806e-03 -1.893082937239548048e-03
6.718141848380003792e-03 -2.074867401996278483e-03
9.021436969142928100e-03 -2.192677494621899509e-03
1.165893907470898563e-02 -2.247540466618431088e-03
1.462864570131873661e-02 -2.240642812176032745e-03
1.792832948853429267e-02 -2.173327660963422954e-03
2.155554065991057908e-02 -2.047091852106687308e-03
2.550760971332792504e-02 -1.863582688609134036e-03
2.978165030723199658e-02 -1.624594371515642940e-03
3.437456232816289703e-02 -1.332064113250120210e-03
3.928303512426537664e-02 -9.880679297602787750e-04
4.450355088896511963e-02 -5.948161113945686640e-04
5.003238817867022847e-02 -1.546483728168939614e-04
5.586562554822439852e-02 3.299713172609207434e-04
6.199914528789220863e-02 8.564602251778137554e-04
6.842863724590041163e-02 1.422122658232201006e-03
7.514960272098526739e-02 2.024156084609200767e-03
8.215735840999827122e-02 2.659657563663653246e-03
8.944704039639474191e-02 3.325630481925233653e-03
9.701360816635687390e-02 4.018991589122163782e-03
1.048518486403733491e-01 4.736578327354750914e-03
1.129563802092984348e-01 5.475156445293156635e-03
1.213216567652216221e-01 6.231427887929841952e-03
1.299419717188850520e-01 7.002038950993811836e-03
1.388114619968591756e-01 7.783588687636884204e-03
1.479241120132158138e-01 8.572637553442412697e-03
1.572737576119976610e-01 9.365716274193065446e-03
1.668540899783478859e-01 1.015933491917848409e-02
1.766586595177164487e-01 1.094999216113806163e-02
1.866808797040777068e-01 1.173418470223304769e-02
1.969140308995513955e-01 1.250841684373976692e-02
2.073512641492009090e-01 1.326921017546834822e-02
2.179856049560662534e-01 1.401311335925566927e-02
2.288099570426559703e-01 1.473671197927393234e-02
2.398171061061574183e-01 1.543663843035653419e-02
2.509997235755153655e-01 1.610958181408785744e-02
2.623503703792584574e-01 1.675229781105300880e-02
2.738615007335160612e-01 1.736161849641443961e-02
2.855254659600567346e-01 1.793446206489457406e-02
2.973345183443913964e-01 1.846784243031375505e-02
3.092808150440093939e-01 1.895887866407758304e-02
3.213564220566735852e-01 1.940480423644443120e-02
3.335533182583754752e-01 1.980297602404505752e-02
3.458633995200652844e-01 2.015088304698616634e-02
3.582784829116295588e-01 2.044615489895940455e-02
3.707903110008028968e-01 2.068656983410422159e-02
3.833905562537853196e-01 2.087006247494642419e-02
3.960708255433134650e-01 2.099473110655545455e-02
4.088557604242862298e-01 2.106860708139667721e-02
4.217182299326371342e-01 2.111956636946753924e-02
4.346346967237867398e-01 2.114870447664032871e-02
4.475963996423091840e-01 2.115525931479920324e-02
4.605945422315321780e-01 2.113855055290348589e-02
4.736202984852438957e-01 2.109798235129597271e-02
4.866648186566779333e-01 2.103304577418608698e-02
4.997192351200773208e-01 2.094332086587217048e-02
5.127746682797087452e-01 2.082847837831013765e-02
5.258222325208122827e-01 2.068828113977124947e-02
5.388530421966399864e-01 2.052258505654515341e-02
5.518582176454516208e-01 2.033133974191161930e-02
5.648288912311244525e-01 2.011458876890716285e-02
5.777562134008612516e-01 1.987246954572837940e-02
5.906313587533844611e-01 1.960521281492413892e-02
6.034455321109613024e-01 1.931314177980832450e-02
6.161899745886159074e-01 1.899667086375964389e-02
6.288559696539582911e-01 1.865630411024003094e-02
6.414348491711791000e-01 1.829263323344342690e-02
6.539179994229319393e-01 1.790633533146351528e-02
6.662968671040289115e-01 1.749817027572586267e-02
6.785629652811344670e-01 1.706897779215299851e-02
6.907078793129086680e-01 1.661967425110688623e-02
7.027232727253603928e-01 1.615124918457035846e-02
7.146008930374863066e-01 1.566476155027790584e-02
7.263325775326008316e-01 1.516133576358016585e-02
7.379102589710838656e-01 1.464215751871791003e-02
7.493259712406135087e-01 1.410846942188854168e-02
7.605718549402462614e-01 1.356156645900845163e-02
7.716401628950168012e-01 1.300279132140807342e-02
7.825232655979967866e-01 1.243352961284623255e-02
7.932136565769910552e-01 1.185520496120026981e-02
8.037039576832712973e-01 1.126927405798286604e-02
8.139869242999091536e-01 1.067722164846630559e-02
8.240554504674130198e-01 1.008055549466533966e-02
8.339025739244622093e-01 9.480801332754872773e-03
8.435214810615830894e-01 8.879497845687317134e-03
8.529055117856174650e-01 8.278191670843010330e-03
8.620481642928060628e-01 7.678432461504761282e-03
8.709430997482242587e-01 7.081768019814833372e-03
8.795841468692077170e-01 6.489739517659269194e-03
8.879653064102511761e-01 5.903876820649930565e-03
8.960807555466951957e-01 5.325693929052618958e-03
9.039248521543061798e-01 4.756684548157635341e-03
9.114921389816444952e-01 4.198317799220990625e-03
9.187773477118759136e-01 3.652034080737298107e-03
9.257754029104356963e-01 3.119241088453573486e-03
9.324814258547206025e-01 2.601310001209097833e-03
9.388907382417346348e-01 2.099571838407842880e-03
9.449988657693921823e-01 1.615313993703242253e-03
9.508015415869726095e-01 1.149776948317570227e-03
9.562947096100289368e-01 7.041511663354637143e-04
9.614745276948994945e-01 2.795741733152444161e-04
9.663373706678471953e-01 -1.228721813422636866e-04
9.708798332037676948e-01 -5.021642786316405857e-04
9.750987325493635227e-01 -8.573391018516234204e-04
9.789911110856908127e-01 -1.187496427842720144e-03
9.825542387250367771e-01 -1.491800839695459589e-03
9.857856151371897635e-01 -1.769483563446423930e-03
9.886829718003224965e-01 -2.019844131546892109e-03
9.912442738719117186e-01 -2.242251876051312882e-03
9.934677218753807937e-01 -2.436147254533826793e-03
9.953517531984492628e-01 -2.601043011706683297e-03
9.968950433995356075e-01 -2.736525179590866119e-03
9.980965073189439485e-01 -2.842253918883771036e-03
9.989552999920047194e-01 -2.917964203890567512e-03
9.994708173618048752e-01 -2.963466353045247220e-03
9.996426967896352433e-01 -2.978646406652358646e-03
