# NACA 4-digit  m=0.050679 p=0.400 t/c=0.102601  unit chord, x y
1.000499710336342218e+00 2.958088839056835073e-03
1.000331693887259288e+00 3.007538739853508891e-03
9.998277434156070953e-01 3.155778865580844989e-03
9.989881555774973165e-01 3.402480856246298951e-03
9.978134248965210285e-01 3.747098675988489933e-03
9.963042439053709787e-01 4.188870450447503002e-03
9.944615033371895230e-01 4.726821021538075984e-03
9.922862923598593232e-01 5.359765202286551067e-03
9.897798988446862012e-01 6.086311709734741962e-03
9.869438096593107224e-01 6.904867749473369079e-03
9.837797109732139278e-01 7.813644221184946892e-03
9.802894885629040989e-01 8.810661510701471577e-03
9.764752281027851977e-01 9.893755830541250962e-03
9.723392154268430954e-01 1.106058606773138372e-02
9.678839367456445464e-01 1.230864109496351833e-02
9.631120788027411894e-01 1.363524749881174850e-02
9.580265289544114271e-01 1.503757767687360913e-02
9.526303751567489764e-01 1.651265825430484405e-02
9.469269058444235165e-01 1.805737876931100966e-02
9.409196096859822056e-01 1.966850057674958407e-02
9.346121752013267781e-01 2.134266591907920535e-02
9.280084902279533976e-01 2.307640711447352458e-02
9.211126412236959604e-01 2.486615581297976080e-02
9.139289123950103955e-01 2.670825227313776418e-02
9.064617846412773572e-01 2.859895461346451812e-02
8.987159343071394746e-01 3.053444799562429063e-02
8.906962317365195725e-01 3.251085369892092736e-02
8.824077396236207349e-01 3.452423804893005321e-02
8.738557111579019487e-01 3.657062116659552664e-02
8.650455879616846255e-01 3.864598550790791787e-02
8.559829978206592305e-01 4.074628416831284350e-02
8.466737522091085655e-01 4.286744893021612879e-02
8.371238436130907790e-01 4.500539803631005420e-02
8.273394426561285764e-01 4.715604367588362156e-02
8.173268950330871974e-01 4.931529917574796473e-02
8.070927182588986115e-01 5.147908589184389122e-02
7.966435982395445592e-01 5.364333980195147566e-02
7.859863856732806076e-01 5.580401780413188351e-02
7.751280922904206783e-01 5.795710372954220035e-02
7.640758869401224063e-01 6.009861408202772648e-02
7.528370915325086621e-01 6.222460352035698999e-02
7.414191768441432684e-01 6.433117010207653474e-02
7.298297581943443690e-01 6.641446031068493072e-02
7.180765909990978191e-01 6.847067389011375627e-02
7.061675662084359040e-01 7.049606851233036764e-02
6.941107056320794388e-01 7.248696430520962242e-02
6.819141571569764526e-01 7.443974826863899996e-02
6.695861898590710348e-01 7.635087860711201047e-02
6.571351890102955506e-01 7.821688900681102175e-02
6.445696509803946483e-01 8.003439288439302690e-02
6.318981780318061459e-01 8.180008763336335531e-02
6.191294730044764050e-01 8.351075889207737468e-02
6.062723338862260336e-01 8.516328485506094448e-02
5.933356482631111373e-01 8.675464064651702834e-02
5.803283876432107080e-01 8.828190277162406563e-02
5.672596016464288571e-01 8.974225365756854922e-02
5.541384120522597767e-01 9.113298629223859360e-02
5.409740066970514238e-01 9.245150896418878605e-02
5.277756332121513738e-01 9.369535010292598387e-02
5.145525925944240964e-01 9.486216321381990557e-02
5.013142326010199268e-01 9.594973189708060068e-02
4.880699409609618455e-01 9.695597493532753797e-02
4.748291383970719703e-01 9.787895142937685922e-02
4.616012714530239869e-01 9.871686595705789213e-02
4.483958051218270291e-01 9.946807372521146440e-02
4.352222152738371430e-01 1.001310856805849026e-01
4.220899808844119638e-01 1.007045735411896126e-01
4.090085760635654988e-01 1.011873747058910367e-01
3.959165963403900035e-01 1.015756150523040163e-01
3.827345525142993865e-01 1.018256068854015706e-01
3.696306642554231803e-01 1.019232424019291539e-01
3.566152113404466584e-01 1.018692959144962273e-01
3.436984399792579192e-01 1.016648988816552523e-01
3.308905489332966687e-01 1.013115385228177678e-01
3.182016753877346393e-01 1.008110553081197208e-01
3.056418806435726165e-01 1.001656392845855503e-01
2.932211357000046315e-01 9.937782520582158496e-02
2.809493068008413474e-01 9.845048643894513396e-02
2.688361410213496727e-01 9.738682762944689264e-02
2.568912519735002675e-01 9.619037611210692895e-02
2.451241057082819141e-01 9.486497206385172132e-02
2.335440068934301894e-01 9.341475740245852588e-02
2.221600853436315748e-01 9.184416344319695780e-02
2.109812829780070287e-01 9.015789733375317860e-02
2.000163412764949245e-01 8.836092729602090801e-02
1.892737893026829321e-01 8.645846671148701978e-02
1.787619323557399775e-01 8.445595709490336112e-02
1.684888413084435765e-01 8.235905000864908454e-02
1.584623426819681824e-01 8.017358797758505906e-02
1.486900095011830514e-01 7.790558447121723185e-02
1.391791529667964211e-01 7.556120302657395871e-02
1.299368149728865329e-01 7.314673559130861757e-02
1.209697614902717350e-01 7.066858017213198395e-02
1.122844768279081390e-01 6.813321787872132773e-02
1.038871587761627108e-01 6.554718945772208816e-02
9.578371462750442933e-02 6.291707141533429970e-02
8.797975806198071735e-02 6.024945183024380674e-02
8.048060687690924975e-02 5.755090596131387515e-02
7.329128153260484890e-02 5.482797175648877752e-02
6.641650447876439045e-02 5.208712537078144522e-02
5.986070021944019104e-02 4.933475680202625141e-02
5.362799606840756850e-02 4.657714575328419926e-02
4.772222354125145449e-02 4.382043783040313195e-02
4.214692032571210056e-02 4.107062118227348957e-02
3.690533276779263405e-02 3.833350368979730749e-02
3.200041880788276338e-02 3.561469080752285854e-02
2.743485129872195658e-02 3.291956415930866187e-02
2.321102163543368319e-02 3.025326098628984550e-02
1.933104362712424057e-02 2.762065454184954930e-02
1.579675753965332358e-02 2.502633552426936775e-02
1.260973424014754513e-02 2.247459463327337523e-02
9.771279375619798188e-03 1.996940633180820449e-02
7.282437520660028224e-03 1.751441388914913577e-02
5.143996232537291144e-03 1.511291577580980983e-02
3.356489956158436542e-03 1.276785347478615745e-02
1.920203726122622200e-03 1.048180076741682919e-02
8.351766185271112305e-04 8.256954545608496260e-03
1.012049111664208804e-04 6.095127195393646238e-03
-2.821550827527508033e-04 3.997740589778335171e-03
-3.155845353523268064e-04 1.965821721632199717e-03
0.000000000000000000e+00 0.000000000000000000e+00
6.582595597950668693e-04 -1.879008113278112955e-03
1.652620328178917679e-03 -3.650768729073931417e-03
2.981461355705615490e-03 -5.315499351384209495e-03
4.642928013199598691e-03 -6.873581827655137269e-03
6.634934900066995211e-03 -8.325561038131640626e-03
8.955169448703793542e-03 -9.672143658451731740e-03
1.160109620350809230e-02 -1.091419698761501508e-02
1.456996174553428294e-02 -1.205274783043891115e-02
1.785880022670364303e-02 -1.308898142071382095e-02
2.146443947078414266e-02 -1.402424036849592506e-02
2.538350759215362434e-02 -1.486002361235298774e-02
2.961244007772222825e-02 -1.559798535491555352e-02
3.414748727238788722e-02 -1.623993395780447269e-02
3.898472220407630390e-02 -1.678783076991680057e-02
4.412004868083049813e-02 -1.724378886117472129e-02
4.954920958960649935e-02 -1.761007163219099891e-02
5.526779532442727128e-02 -1.788909126889396892e-02
6.127125227038064670e-02 -1.808340701000266115e-02
6.755489126962704871e-02 -1.819572319436228713e-02
7.411389599612110135e-02 -1.822888705455708719e-02
8.094333116714332033e-02 -1.818588622292727566e-02
8.803815052197110080e-02 -1.806984591614243033e-02
9.539320450107505178e-02 -1.788402576484053250e-02
1.030032475630718314e-01 -1.763181625554100657e-02
1.108629450812602946e-01 -1.731673475309613089e-02
1.189668797668663874e-01 -1.694242107336532688e-02
1.273095575720609163e-01 -1.651263257759455830e-02
1.358854130323339238e-01 -1.603123876216069194e-02
1.446888140148257229e-01 -1.550221531990736423e-02
1.537140658466560061e-01 -1.492963765225364600e-02
1.629554148050629259e-01 -1.431767381459969624e-02
1.724070509591735800e-01 -1.367057688127950449e-02
1.820631103613727653e-01 -1.299267672041019839e-02
1.919176765944225205e-01 -1.228837117344647872e-02
2.019647816885964120e-01 -1.156211663904815889e-02
2.121984064310319384e-01 -1.081841806598449890e-02
2.226124800971600315e-01 -1.006181836519828149e-02
2.332008796413412299e-01 -9.296887256801521227e-03
2.439574283906209007e-01 -8.528209573625759876e-03
2.548758942917179748e-01 -7.760373048957394659e-03
2.659499877668911605e-01 -6.997955622190903113e-03
2.771733592391035783e-01 -6.245512302273208138e-03
2.885395963908634065e-01 -5.507561634917342019e-03
3.000422212241949937e-01 -4.788571825561839523e-03
3.116746869913375462e-01 -4.092946575867922876e-03
3.234303750669649813e-01 -3.425010697094693635e-03
3.353025918329322619e-01 -2.788995568894149513e-03
3.472845656457946295e-01 -2.189024516839055412e-03
3.593694439556305853e-01 -1.629098186252141145e-03
3.715502906420558582e-01 -1.113079993572178850e-03
3.838200836297950835e-01 -6.446817394877499274e-04
3.961717128418505984e-01 -2.274494703336099599e-04
4.087558984442867804e-01 1.484914857906929897e-04
4.214755540753570839e-01 5.199128421447957171e-04
4.342515925061111726e-01 8.872598997240119245e-04
4.470757316105193335e-01 1.248435635987144021e-03
4.599396328191309724e-01 1.601434464757009457e-03
4.728349053599840701e-01 1.944350033442614201e-03
4.857531107311648388e-01 2.275382432216005446e-03
4.986857673989799622e-01 2.592844766234211895e-03
5.116243557134489972e-01 2.895169047757766012e-03
5.245603230307921416e-01 3.180911371140231203e-03
5.374850890307933948e-01 3.448756340085831762e-03
5.503900512153935276e-01 3.697520723216489447e-03
5.632665905736224943e-01 3.926156320788944110e-03
5.761060773970200222e-01 4.133752032275131438e-03
5.888998772290361394e-01 4.319535121399362132e-03
6.016393569315331424e-01 4.482871682027982085e-03
6.143158908514289029e-01 4.623266314972562796e-03
6.269208670707145936e-01 4.740361032215242854e-03
6.394456937235277749e-01 4.833933411235238897e-03
6.518818053646519006e-01 4.903894027944749601e-03
6.642206693746998125e-01 4.950283202173146047e-03
6.764537923883235937e-01 4.973267094619725215e-03
6.885727267330101764e-01 4.973133198682533340e-03
7.005690768673642488e-01 4.950285274524533763e-03
7.124345058091969829e-01 4.905237776125989657e-03
7.241607415452023799e-01 4.838609824873229409e-03
7.357395834154648595e-01 4.751118785425275520e-03
7.471629084674911159e-01 4.643573501178090146e-03
7.584226777758263927e-01 4.516867247605454300e-03
7.695109427246060729e-01 4.371970462101186505e-03
7.804198512515519992e-01 4.209923308694341754e-03
7.911416540529283559e-01 4.031828135173401439e-03
8.016687107498218223e-01 3.838841878762933035e-03
8.119934960167500826e-01 3.632168474581507628e-03
8.221086056740548598e-01 3.413051318703688719e-03
8.320067627457670145e-01 3.182765834799795857e-03
8.416808234846453463e-01 2.942612190072670109e-03
8.511237833658882312e-01 2.693908202610936775e-03
8.603287830506028966e-01 2.437982478371670397e-03
8.692891143194920733e-01 2.176167811859492512e-03
8.779982259764103070e-01 1.909794880230190200e-03
8.864497297204511073e-01 1.640186256075870652e-03
8.946374059840954684e-01 1.368650759600327851e-03
9.025552097336700941e-01 1.096478166325513814e-03
9.101972762270050810e-01 8.249342819335713645e-04
9.175579267217280899e-01 5.552563914017118879e-04
9.246316741261387806e-01 2.886490852758508141e-04
9.314132285831115965e-01 2.628046180093435158e-05
9.378975029759830662e-01 -2.307213002692657527e-04
9.440796183439442713e-01 -4.812710069920424910e-04
9.499549091931113187e-01 -7.243291648154868978e-04
9.555189286881893285e-01 -9.589043615366625931e-04
9.607674537085455491e-01 -1.184055330378599308e-03
9.656964897515570856e-01 -1.398892717164103815e-03
9.703022756653352232e-01 -1.602580572399329474e-03
9.745812881923684445e-01 -1.794337591498162965e-03
9.785302463052889532e-01 -1.973438127379854162e-03
9.821461153158542734e-01 -2.139213000246548493e-03
9.854261107383658347e-01 -2.291050129505760053e-03
9.883677018891194876e-01 -2.428395012549440513e-03
9.909686152040951823e-01 -2.550751074452661457e-03
9.932268372579482474e-01 -2.657679911623959078e-03
9.951406174684395145e-01 -2.748801451055427319e-03
9.967084704717522614e-01 -2.823794045102928467e-03
9.979291781556307583e-01 -2.882394519710338061e-03
9.988017913389666269e-01 -2.924398191705452222e-03
9.993256310882978610e-01 -2.949658868280194239e-03
9.995002896636577816e-01 -2.958088839056835073e-03
