# NACA 4-digit  m=0.038718 p=0.400 t/c=0.034476  unit chord, x y
1.000383999770032561e+00 2.975322533207953781e-03
1.000213404085384283e+00 3.004031846139639146e-03
9.997017298554610187e-01 3.090093111834784842e-03
9.988493155003584922e-01 3.233306517054709405e-03
9.976567248801220256e-01 3.433339725507042993e-03
9.961247470337831755e-01 3.689728902668771952e-03
9.942543958124403503e-01 4.001880142903940611e-03
9.920469094048528502e-01 4.369071291319549626e-03
9.895037497536237625e-01 4.790454150757501514e-03
9.866266018596955290e-01 5.265057062356867136e-03
9.834173729725737001e-01 5.791787846255364025e-03
9.798781916634309308e-01 6.369437087251291624e-03
9.760114067780337743e-01 6.996681748625756259e-03
9.718195862662880602e-01 7.672089095850077867e-03
9.673055158851060487e-01 8.394120910579623562e-03
9.624721977712731302e-01 9.161137974179599588e-03
9.573228488810319181e-01 9.971404799043792622e-03
9.518608992932002799e-01 1.082309458516483164e-02
9.460899903728086091e-01 1.171429437879608834e-02
9.400139727924614608e-01 1.264301040961653480e-02
9.336369044089202207e-01 1.360717358256926732e-02
9.269630479927298827e-01 1.460464510049449410e-02
9.199968688091005875e-01 1.563322219381192701e-02
9.127430320486819015e-01 1.669064393382441169e-02
9.052064001073203414e-01 1.777459710670598048e-02
8.973920297143808122e-01 1.888272212589535426e-02
8.893051689097218881e-01 2.001261896142958463e-02
8.809512538699206807e-01 2.116185306571208985e-02
8.723359055848745047e-01 2.232796127629831442e-02
8.634649263864111468e-01 2.350845767748954013e-02
8.543442963310399207e-01 2.470083940383259458e-02
8.449801694394559748e-01 2.590259237001375781e-02
8.353788697958518528e-01 2.711119691309299418e-02
8.255468875105039794e-01 2.832413333452841325e-02
8.154908745494632294e-01 2.953888733097495903e-02
8.052176404355049222e-01 3.075295530438278829e-02
7.947341478247461621e-01 3.196384954345452001e-02
7.840475079635577105e-01 3.316910327002471626e-02
7.731649760305369101e-01 3.436627554538139451e-02
7.620939463684022197e-01 3.555295603294184037e-02
7.508419476106938939e-01 3.672676961500562220e-02
7.394166377081370367e-01 3.788538086251883735e-02
7.278257988594317718e-01 3.902649835788567917e-02
7.160773323510951638e-01 4.014787887183671189e-02
7.041792533107925633e-01 4.124733139620317263e-02
6.921396853783557956e-01 4.232272103513856631e-02
6.799668552984260428e-01 4.337197275786805473e-02
6.676690874383531815e-01 4.439307501642687781e-02
6.552547982346691446e-01 4.538408323206670480e-02
6.427324905711239156e-01 4.634312315406470539e-02
6.301107480909345915e-01 4.726839409456292523e-02
6.173982294455727660e-01 4.815817204280112285e-02
6.046036624821088390e-01 4.901081266168893363e-02
5.917358383708348768e-01 4.982475416910119026e-02
5.788036056746411750e-01 5.059852010558450047e-02
5.658158643614064065e-01 5.133072198934463676e-02
5.527815597604974762e-01 5.202006185845734626e-02
5.397096764643636302e-01 5.266533469922624749e-02
5.266092321761690620e-01 5.326543075851587761e-02
5.134892715044188094e-01 5.381933773673613919e-02
5.003588597056218834e-01 5.432614285696409084e-02
4.872270763761988310e-01 5.478503480448189411e-02
4.741030090950605902e-01 5.519530552980526916e-02
4.609957470185935269e-01 5.555635190709765081e-02
4.479143744301499752e-01 5.586767723873055369e-02
4.348679642465770323e-01 5.612889259568329403e-02
4.218655714848090765e-01 5.633971798249357010e-02
4.089162266920972066e-01 5.649998331459624157e-02
3.960098978355665600e-01 5.660749908036501188e-02
3.831317989686258141e-01 5.663063929006653674e-02
3.703335534598600765e-01 5.655963532779133274e-02
3.576242518645588730e-01 5.639568734242736414e-02
3.450129304173101819e-01 5.614022272633514832e-02
3.325085632439425121e-01 5.579489234297439759e-02
3.201200545393605990e-01 5.536156613191839382e-02
3.078562307285194755e-01 5.484232808793008951e-02
2.957258326290193029e-01 5.423947061283131144e-02
2.837375076348707670e-01 5.355548824114163275e-02
2.718998019418729095e-01 5.279307074287786783e-02
2.602211528357372128e-01 5.195509560947506045e-02
2.487098810645662073e-01 5.104461993149196630e-02
2.373741833175396221e-01 5.006487167957882067e-02
2.262221248316785005e-01 4.901924040308783953e-02
2.152616321483241668e-01 4.791126736367296024e-02
2.045004860405010283e-01 4.674463512422852296e-02
1.939463146316247055e-01 4.552315661653109219e-02
1.836065867250780137e-01 4.425076371394778829e-02
1.734886053630161906e-01 4.293149533853050925e-02
1.635995016313974426e-01 4.156948513470450773e-02
1.539462287266777918e-01 4.016894874455440023e-02
1.445355562978808683e-01 3.873417072238792558e-02
1.353740650758792352e-01 3.726949112879374137e-02
1.264681417997235713e-01 3.577929184678326630e-02
1.178239744477597578e-01 3.426798266479709476e-02
1.094475477791055362e-01 3.273998717334693914e-02
1.013446391888499359e-01 3.119972852383638001e-02
9.352081487811357563e-02 2.965161509964441000e-02
8.598142633790031852e-02 2.810002615085283040e-02
7.873160714350688205e-02 2.654929744504009106e-02
7.177627005416045702e-02 2.500370698734298569e-02
6.512010441056009791e-02 2.346746086349710617e-02
5.876757382112181988e-02 2.194467925980190387e-02
5.272291412599907495e-02 2.043938271391537026e-02
4.699013162638870922e-02 1.895547865006472904e-02
4.157300156525429308e-02 1.749674825166522979e-02
3.647506684442572422e-02 1.606683372347168792e-02
3.169963696207311887e-02 1.466922599425091872e-02
2.724978715381977043e-02 1.330725290956415695e-02
2.312835772025958331e-02 1.198406796259432125e-02
1.933795352338229731e-02 1.070263960905145847e-02
1.588094363439044102e-02 9.465741210052846383e-03
1.275946111560766899e-02 8.275941644510266537e-03
9.975402919632420096e-03 7.135596629981460354e-03
7.530429889570494466e-03 6.046840788166554966e-03
5.425966845075118339e-03 5.011580488267528694e-03
3.663202740027645017e-03 4.031487498297093956e-03
2.243090878979453126e-03 3.107993471133978051e-03
1.166349180940088985e-03 2.242285288695674249e-03
4.334604807089060445e-04 1.435301284049870802e-03
4.467285969228539967e-05 6.877283576324284180e-04
0.000000000000000000e+00 0.000000000000000000e+00
2.980021647504547174e-04 -6.214033053822744538e-04
9.370047647172607226e-04 -1.170216958828761578e-03
1.916317085931947169e-03 -1.646654506034321216e-03
3.235013752747257013e-03 -2.051105391727532472e-03
4.891935886161972828e-03 -2.384133869988132835e-03
6.885692559787111311e-03 -2.646477606214248882e-03
9.214662546474889845e-03 -2.839045970159620284e-03
1.187699634656189107e-02 -2.962918019050346952e-03
1.487061848671577396e-02 -3.019340169424664967e-03
1.819323007654124677e-02 -3.009723556026926931e-03
2.184231160842465061e-02 -2.935641075837339131e-03
2.581512598458688551e-02 -2.798824115139660930e-03
3.010872175400179998e-02 -2.601158957428200205e-03
3.471993654072513813e-02 -2.344682869940135396e-03
3.964540064428753730e-02 -2.031579866676581567e-03
4.488154079214484032e-02 -1.664176145951684616e-03
5.042458402375066262e-02 -1.244935200789639221e-03
5.627056168563302624e-02 -7.764526008793865702e-04
6.241531351691279733e-02 -2.614504453002531453e-04
6.885449180500119448e-02 2.972285141476377346e-04
7.558356559174725375e-02 8.966270784342179889e-04
8.259782491106906765e-02 1.533680134176481497e-03
8.989238504008398301e-02 2.205221511483774002e-03
9.746219074693897311e-02 2.907991163249988575e-03
1.053020205199147880e-01 3.638642661148274240e-03
1.134064907639235620e-01 4.393751002245649406e-03
1.217700599522093113e-01 5.169820718704263088e-03
1.303870327228820736e-01 5.963294281480770176e-03
1.392515639118330206e-01 6.770560787280865619e-03
1.483576625155715589e-01 7.587964916282547226e-03
1.576991955795681855e-01 8.411816146319348042e-03
1.672698920097443198e-01 9.238398207324520495e-03
1.770633463068001512e-01 1.006397875789381488e-02
1.870730222250844843e-01 1.088481926384211526e-02
1.972922563596546386e-01 1.169718505662419722e-02
2.077142616670258346e-01 1.249735554748055213e-02
2.183321309268428934e-01 1.328163457117425075e-02
2.291388401532943042e-01 1.404636083122413198e-02
2.401272519665114680e-01 1.478791841663529283e-02
2.512901189354336817e-01 1.550274735830017500e-02
2.626200869046542152e-01 1.618735419151749733e-02
2.741096983185803415e-01 1.683832248947114349e-02
2.857513955568339870e-01 1.745232333105280545e-02
2.975375242951803223e-01 1.802612566512193717e-02
3.094603369063906873e-01 1.855660653219414966e-02
3.215119959153390217e-01 1.904076110365951133e-02
3.336845775222864185e-01 1.947571249797059798e-02
3.459700752077423669e-01 1.985872133282627627e-02
3.583604034315183706e-01 2.018719497222740134e-02
3.708474014376189620e-01 2.045869642740556771e-02
3.834228371754686560e-01 2.067095287104010748e-02
3.960784113466740419e-01 2.082186372488475587e-02
4.088482478157550726e-01 2.091998283362004815e-02
4.216999634749599712e-01 2.099515469076753196e-02
4.346058435333712833e-01 2.104848979707030221e-02
4.475571623021963874e-01 2.107910417586961183e-02
4.605451572535614324e-01 2.108620037555146084e-02
4.735610346619954503e-01 2.106907065301815221e-02
4.865959753159278534e-01 2.102709980247921204e-02
4.996411402943779501e-01 2.095976761229570093e-02
5.126876768034542842e-01 2.086665093498782375e-02
5.257267240667744534e-01 2.074742535800504217e-02
5.387494192634811885e-01 2.060186646544252126e-02
5.517469035071558281e-01 2.042985068353834338e-02
5.647103278586449449e-01 2.023135570548199175e-02
5.776308593655895551e-01 2.000646049377637764e-02
5.904996871213123999e-01 1.975534486110351595e-02
6.033080283356503370e-01 1.947828863331568100e-02
6.160471344103325420e-01 1.917567040079312668e-02
6.287082970115861480e-01 1.884796586694612724e-02
6.412828541327985077e-01 1.849574580507448718e-02
6.537621961402783066e-01 1.811967363711042625e-02
6.661377717954176658e-01 1.772050264993927510e-02
6.784010942468740035e-01 1.729907286700221522e-02
6.905437469867338196e-01 1.685630759471816453e-02
7.025573897650075894e-01 1.639320966490561554e-02
7.144337644571996382e-01 1.591085739582743033e-02
7.261647008801149772e-01 1.541040029571476289e-02
7.377421225514710912e-01 1.489305453364214889e-02
7.491580523893058841e-01 1.436009820342069518e-02
7.604046183475465792e-01 1.381286640674971727e-02
7.714740589844898411e-01 1.325274618221696996e-02
7.823587289612748963e-01 1.268117130686982966e-02
7.930511044677267529e-01 1.209961699699756317e-02
8.035437885732155117e-01 1.150959453447580015e-02
8.138295165003740506e-01 1.091264584453927391e-02
8.239011608196794567e-01 1.031033805017719275e-02
8.337517365630059407e-01 9.704258027502016618e-03
8.433744062542979369e-01 9.096006985439388307e-03
8.527624848555075410e-01 8.487195091943887729e-03
8.619094446258763753e-01 7.879436167673642410e-03
8.708089198925195173e-01 7.274342466680964320e-03
8.794547117301103611e-01 6.673519562208725039e-03
8.878407925472487916e-01 6.078561354146257145e-03
8.959613105768541308e-01 5.491045213110612444e-03
9.038105942676271098e-01 4.912527274500466494e-03
9.113831565733335749e-01 4.344537894237202394e-03
9.186736991363234628e-01 3.788577276281531077e-03
9.256771163613622955e-01 3.246111280411194573e-03
9.323884993755181538e-01 2.718567417181432487e-03
9.388031398695038110e-01 2.207331035485115590e-03
9.449165338155591787e-01 1.713741706692409848e-03
9.507243850566600152e-01 1.239089808000211519e-03
9.562226087615688375e-01 7.846133063666863375e-04
9.614073347400136083e-01 3.514947432595762200e-04
9.662749106120955833e-01 -5.914158058480199071e-05
9.708219048258902584e-01 -4.462322221032584933e-04
9.750451095171198679e-01 -8.087770170388847331e-04
9.789415432047621213e-01 -1.145841308405482883e-03
9.825084533164945011e-01 -1.456557985936728344e-03
9.857433185379810281e-01 -1.740129340554283539e-03
9.886438509801819263e-01 -1.995828738138020163e-03
9.912079981591016553e-01 -2.223002117001754603e-03
9.934339447826974201e-01 -2.421069313474396700e-03
9.953201143400273176e-01 -2.589525219866660108e-03
9.968651704881512643e-01 -2.727940778875064150e-03
9.980680182327695826e-01 -2.835963818146894789e-03
9.989278048991127035e-01 -2.913319728313296109e-03
9.994439208901727545e-01 -2.959811987305127103e-03
9.996160002299675496e-01 -2.975322533207953781e-03
