# NACA 4-digit  m=0.054682 p=0.400 t/c=0.185240  unit chord, x y
1.000537959061194027e+00 2.951372570259322252e-03
1.000373271695343069e+00 3.019936281662990649e-03
9.998792907036899713e-01 3.225480523531489615e-03
9.990562595356988762e-01 3.567565146838350913e-03
9.979045843777313296e-01 4.045458325750201159e-03
9.964248348020730006e-01 4.658139177035966125e-03
9.946177446619629547e-01 5.404301398585257057e-03
9.924842132192728261e-01 6.282357898737724565e-03
9.900253064880126797e-01 7.290446380550136447e-03
9.872422587736312538e-01 8.426435837928777928e-03
9.841364743851738206e-01 9.687933913800132052e-03
9.807095294947967279e-01 1.107229506426915533e-02
9.769631741169606531e-01 1.257662946706745478e-02
9.728993341778596760e-01 1.419781260760706425e-02
9.685201136443132297e-01 1.593249547165776284e-02
9.638277966804718044e-01 1.777711527012731593e-02
9.588248498002726050e-01 1.972790661866406087e-02
9.535139239836288860e-01 2.178091309286508959e-02
9.478978567248340648e-01 2.393199907876976396e-02
9.419796739826020726e-01 2.617686183807464706e-02
9.357625920025233190e-01 2.851104370811118408e-02
9.292500189844528080e-01 3.092994435808965950e-02
9.224455565694393844e-01 3.342883302540668872e-02
9.153530011232059449e-01 3.600286065891875747e-02
9.079763447958397737e-01 3.864707189997009656e-02
9.003197763402200904e-01 4.135641683657750173e-02
8.923876816747213780e-01 4.412576247147641934e-02
8.841846441788281385e-01 4.694990385065302141e-02
8.757154447134373187e-01 4.982357480546029116e-02
8.669850613607269496e-01 5.274145826836969947e-02
8.579986688814739137e-01 5.569819612975571155e-02
8.487616378905825654e-01 5.868839861076398379e-02
8.392795337542352518e-01 6.170665313518205325e-02
8.295581152144875237e-01 6.474753269121412413e-02
8.196033327492320275e-01 6.780560368206349497e-02
8.094213266772242177e-01 7.087543327213974287e-02
7.990184250192440274e-01 7.395159624343580762e-02
7.884011411274610692e-01 7.702868138406188114e-02
7.775761710956388129e-01 8.010129743796973179e-02
7.665503909629566293e-01 8.316407865146965839e-02
7.553308537239418197e-01 8.621168995813247027e-02
7.439247861563074160e-01 8.923883184899422671e-02
7.323395854773804281e-01 9.224024497957131197e-02
7.205828158383377202e-01 9.521071456896479379e-02
7.086622046636550376e-01 9.814507464923921676e-02
6.965856388410565092e-01 1.010382122252368176e-01
6.843611607649211503e-01 1.038850714060041147e-01
6.719969642335485993e-01 1.066806575690334158e-01
6.595013901980337767e-01 1.094200416175371837e-01
6.468829223577801102e-01 1.120983643889865433e-01
6.341501825949680260e-01 1.147108412701556696e-01
6.213119262376636254e-01 1.172527670699572144e-01
6.083770371387835496e-01 1.197195211964616479e-01
5.953545225558596332e-01 1.221065731787193687e-01
5.822535078145865128e-01 1.244094885674122131e-01
5.690832307375054411e-01 1.266239352410281904e-01
5.558530358179590847e-01 1.287456901362636075e-01
5.425723681186898073e-01 1.307706464128122748e-01
5.292507668741872617e-01 1.326948210537051698e-01
5.158978587761513523e-01 1.345143628930294544e-01
5.025233509222534201e-01 1.362255610533084083e-01
4.891370234097628389e-01 1.378248537651810268e-01
4.757487215575494921e-01 1.393088375324164907e-01
4.623683477424855859e-01 1.406742765958582664e-01
4.490058528393103821e-01 1.419181126407487170e-01
4.356712272565764765e-01 1.430374746831593324e-01
4.223744915653062093e-01 1.440296890630702320e-01
4.091256867214169701e-01 1.448922894641231640e-01
3.957982512298921507e-01 1.456197888860867873e-01
3.822305734805133137e-01 1.461619824817195212e-01
3.687387547341995919e-01 1.465019072524381960e-01
3.553346065913574048e-01 1.466393743720781073e-01
3.420299334159571658e-01 1.465746599560195373e-01
3.288365103985119164e-01 1.463085081330052772e-01
3.157660611155099772e-01 1.458421324706425937e-01
3.028302347187447063e-01 1.451772156698198368e-01
2.900405828957000609e-01 1.443159074542794129e-01
2.774085367481035069e-01 1.432608205936433954e-01
2.649453837398524914e-01 1.420150250111095747e-01
2.526622448676786870e-01 1.405820399406529919e-01
2.405700522081037074e-01 1.389658241126899840e-01
2.286795269924482565e-01 1.371707639616152052e-01
2.170011583579388725e-01 1.352016598632258537e-01
2.055451829173411959e-01 1.330637104246327751e-01
1.943215652821587147e-01 1.307624948636614270e-01
1.833399796653707170e-01 1.283039535288252597e-01
1.726097926790905457e-01 1.256943666245690094e-01
1.621400474305608463e-01 1.229403312195098408e-01
1.519394490067509096e-01 1.200487366277513818e-01
1.420163514236619517e-01 1.170267382649086835e-01
1.323787461014831190e-01 1.138817300912019770e-01
1.230342519111773530e-01 1.106213157637768313e-01
1.139901068221161051e-01 1.072532786292592077e-01
1.052531611642326670e-01 1.037855506954114271e-01
9.682987250202734764e-02 1.002261807276054323e-01
8.872630210183311827e-02 9.658330162166019195e-02
8.094811295822004760e-02 9.286509720940078205e-02
7.350056933047056928e-02 8.907976865709574255e-02
6.638853772585467938e-02 8.523550061973063363e-02
5.961648925313181580e-02 8.134042731589825881e-02
5.318850325745014956e-02 7.740259868895722761e-02
4.710827213672456187e-02 7.342994682005467288e-02
4.137910722976786276e-02 6.943025275766168125e-02
3.600394565801764285e-02 6.541111392645936051e-02
3.098535799572280786e-02 6.137991227577765940e-02
2.632555663799335949e-02 5.734378332436224773e-02
2.202640473221550294e-02 5.330958625406143764e-02
1.808942553602290587e-02 4.928387520012338097e-02
1.451581206430569218e-02 4.527287188020872460e-02
1.130643688862428657e-02 4.128243969799004487e-02
8.461861954859173710e-03 3.731805945036723027e-02
5.982348288928086497e-03 3.338480675990457280e-02
3.867865465894885016e-03 2.948733134613542098e-02
2.118100724707825365e-03 2.562983824091330173e-02
7.324676190615265342e-04 2.181607104404637010e-02
-2.898858956119024916e-04 1.804929730608167970e-02
-9.500700283629117532e-04 1.433229611532447004e-02
-1.249446449806929527e-03 1.066734795603871758e-02
-1.189622385127778398e-03 7.056226894297567068e-03
-7.724455546955729703e-04 3.500195137182294820e-03
0.000000000000000000e+00 0.000000000000000000e+00
1.115120579138313087e-03 -3.406523981553638124e-03
2.560087630553944948e-03 -6.681847165370232572e-03
4.332112716678965247e-03 -9.826136048214542673e-03
6.428174660089621892e-03 -1.283964854989532584e-02
8.845024521801520337e-03 -1.572273271460934013e-02
1.157919178580070312e-02 -1.847582610451701385e-02
1.462699171133755721e-02 -2.109945586761289779e-02
1.798453380029942789e-02 -2.359423945562752131e-02
2.164773131339535472e-02 -2.596088596156963246e-02
2.561231175607251581e-02 -2.820019804061292545e-02
2.987382824318265961e-02 -3.031307437237797109e-02
3.442767164054078011e-02 -3.230051261727141104e-02
3.926908337179866454e-02 -3.416361281445419451e-02
4.439316877058275407e-02 -3.590358116423166684e-02
4.979491085071990203e-02 -3.752173413322110879e-02
5.546918436167632555e-02 -3.901950281657848296e-02
6.141076999212172899e-02 -4.039843748787757399e-02
6.761436858186423149e-02 -4.166021226396094540e-02
7.407461520131006227e-02 -4.280662980924535704e-02
8.078609295811114976e-02 -4.383962600159117817e-02
8.774334639277589498e-02 -4.476127447996540443e-02
9.494089432872127032e-02 -4.557379099276588630e-02
1.023732420475137322e-01 -4.627953746485985453e-02
1.100348926668325011e-01 -4.688102570115278839e-02
1.179203576069316056e-01 -4.738092064486980337e-02
1.260241660410017506e-01 -4.778204310973198365e-02
1.343408732357364022e-01 -4.808737190687165791e-02
1.428650677004895397e-01 -4.830004528967826727e-02
1.515913770765349167e-01 -4.842336164282599886e-02
1.605144727119693082e-01 -4.846077934552695671e-02
1.696290728825840255e-01 -4.841591574359434269e-02
1.789299446343908528e-01 -4.829254517020474535e-02
1.884119042392554955e-01 -4.809459596132042297e-02
1.980698162710719523e-01 -4.782614641857164256e-02
2.078985913259086271e-01 -4.749141967999450514e-02
2.178931824253681482e-01 -4.709477746735581116e-02
2.280485801578258642e-01 -4.664071268783277074e-02
2.383598066270339322e-01 -4.613384087752237656e-02
2.488219082916028335e-01 -4.557889048456152670e-02
2.594299477918962094e-01 -4.498069200048687710e-02
2.701789948727127411e-01 -4.434416595975642500e-02
2.810641165206007597e-01 -4.367430983900182084e-02
2.920803664436012470e-01 -4.297618389946104150e-02
3.032227740284995643e-01 -4.225489602802582484e-02
3.144863329161654564e-01 -4.151558564429216891e-02
3.258659893391896434e-01 -4.076340675276156345e-02
3.373566303677170142e-01 -4.000351023075473383e-02
3.489530722090953829e-01 -3.924102545348877313e-02
3.606500487047198389e-01 -3.848104136796846181e-02
3.724422001632794466e-01 -3.772858713667742031e-02
3.843240626635811563e-01 -3.698861248035392735e-02
3.962900579523484512e-01 -3.626596785624457142e-02
4.086387877864353091e-01 -3.555173937329283995e-02
4.211910433944628385e-01 -3.480931685171517742e-02
4.338025805233718390e-01 -3.403952667012649647e-02
4.464656838930359806e-01 -3.324584337774928733e-02
4.591725565296693734e-01 -3.243167144014481168e-02
4.719153221995065484e-01 -3.160033210372931861e-02
4.846860282823638455e-01 -3.075505105284564306e-02
4.974766490777464134e-01 -2.989894694657357216e-02
5.102790895317217412e-01 -2.903502091282161857e-02
5.230851893687562537e-01 -2.816614706693253839e-02
5.358867276091550114e-01 -2.729506411116621595e-02
5.486754274496942196e-01 -2.642436806013830769e-02
5.614429614825459103e-01 -2.555650612571130909e-02
5.741809572256442173e-01 -2.469377178310069171e-02
5.868810029362876435e-01 -2.383830102819848445e-02
5.995346536789756264e-01 -2.299206982447549868e-02
6.121334376182416825e-01 -2.215689272641722246e-02
6.246688625075527135e-01 -2.133442265541689309e-02
6.371324223461423131e-01 -2.052615179350375518e-02
6.495156041769136746e-01 -1.973341355033868955e-02
6.618098950002222480e-01 -1.895738554966866496e-02
6.740067887803788960e-01 -1.819909357298462454e-02
6.860977935240331060e-01 -1.745941639055777900e-02
6.980744384121451152e-01 -1.673909140340524432e-02
7.099282809699570818e-01 -1.603872101411617235e-02
7.216509142621663209e-01 -1.535877963988920014e-02
7.332339741033007119e-01 -1.469962127763247556e-02
7.446691462760579583e-01 -1.406148752856235806e-02
7.559481737529921697e-01 -1.344451598841506917e-02
7.670628639193879383e-01 -1.284874890914600859e-02
7.780050957973715375e-01 -1.227414203880326099e-02
7.887668272732288877e-01 -1.172057354809805801e-02
7.993401023314962162e-01 -1.118785295499960183e-02
8.097170583006052524e-01 -1.067572996240025510e-02
8.198899331156959125e-01 -1.018390312846108314e-02
8.298510726046225416e-01 -9.712028294577172705e-03
8.395929378031713464e-01 -9.259726701922117026e-03
8.491081123050735480e-01 -8.826592734133994339e-03
8.583893096515605725e-01 -8.412201230819302267e-03
8.674293807639567033e-01 -8.016114324056133889e-03
8.762213214212029033e-01 -7.637887757886686890e-03
8.847582797822493017e-01 -7.277076658794311148e-03
8.930335639510148527e-01 -6.933240733261326894e-03
9.010406495791076775e-01 -6.605948876599286590e-03
9.087731874988095315e-01 -6.294783185238730580e-03
9.162250113759846659e-01 -5.999342372461705097e-03
9.233901453696393702e-01 -5.719244595072569409e-03
9.302628117819150555e-01 -5.454129705646317688e-03
9.368374386793631992e-01 -5.203660951684424552e-03
9.431086674635337230e-01 -4.967526149189960619e-03
9.490713603662314091e-01 -4.745438363765373119e-03
9.547206078423281506e-01 -4.537136137300210904e-03
9.600517358308149340e-01 -4.342383302593468518e-03
9.650603128528884023e-01 -4.160968431816360578e-03
9.697421569143186426e-01 -3.992703967537118356e-03
9.740933421781929891e-01 -3.837425087074986321e-03
9.781102053733963242e-01 -3.694988352229225566e-03
9.817893519038943806e-01 -3.565270196924375835e-03
9.851276616240453032e-01 -3.448165305047749644e-03
9.881222942457930092e-01 -3.343584929737322860e-03
9.907706943446816794e-01 -3.251455203641570070e-03
9.930705959331748156e-01 -3.171715487239564965e-03
9.950200265717374926e-01 -3.104316799236956758e-03
9.966173109905419603e-01 -3.049220369373751259e-03
9.978610741974291987e-01 -3.006396349761105650e-03
9.987502440508837509e-01 -2.975822716155889728e-03
9.992840532802139686e-01 -2.957484385460298036e-03
9.994620409388059734e-01 -2.951372570259322252e-03
